108 1686493246 3,200000 -1,000000 -101,000000 0,000000 0,000000
108 1686493247 3,200000 -1,000000 -101,000000 0,000000 0,000000
108 1686493248 3,200000 -1,000000 -101,000000 0,000000 0,000000
108 1686493249 3,200000 -1,000000 -101,000000 0,000000 0,000000
108 1686493250 3,200000 -1,000000 -101,000000 0,000000 0,000000
108 1686493251 4,400000 -1,000000 -101,000000 0,000000 0,000000
108 1686493252 4,400000 -1,000000 -101,000000 0,000000 0,000000
108 1686493253 4,400000 -1,000000 -101,000000 0,000000 0,000000
108 1686493254 4,400000 -1,000000 -101,000000 0,000000 0,000000
108 1686493255 4,400000 -1,000000 -101,000000 0,000000 0,000000
108 1686493256 7,000000 -1,000000 -101,000000 0,000000 0,000000
108 1686493257 7,000000 -1,000000 -101,000000 0,000000 0,000000
108 1686493258 7,000000 -1,000000 -101,000000 0,000000 0,000000
108 1686493259 7,000000 -1,000000 -101,000000 0,000000 0,000000
108 1686493260 7,000000 -1,000000 -101,000000 0,000000 0,000000
108 1686493261 8,000000 -1,000000 -101,000000 0,000000 0,000000
108 1686493262 8,000000 -1,000000 -101,000000 0,000000 0,000000
108 1686493263 8,000000 -1,000000 -101,000000 0,000000 0,000000
108 1686493264 8,000000 -1,000000 -101,000000 0,000000 0,000000
108 1686493265 8,000000 -1,000000 -101,000000 0,000000 0,000000
108 1686493266 6,000000 -1,000000 -101,000000 0,000000 0,000000
108 1686493267 6,000000 -1,000000 -101,000000 0,000000 0,000000
108 1686493268 6,000000 -1,000000 -101,000000 0,000000 0,000000
108 1686493269 6,000000 -1,000000 -101,000000 0,000000 0,000000
108 1686493270 6,000000 -1,000000 -101,000000 0,000000 0,000000
108 1686493271 11,800000 -1,000000 -101,000000 0,000000 0,000000
108 1686493272 11,800000 -1,000000 -101,000000 0,000000 0,000000
108 1686493273 11,800000 -1,000000 -101,000000 0,000000 0,000000
108 1686493274 11,800000 -1,000000 -101,000000 0,000000 0,000000
108 1686493275 11,800000 -1,000000 -101,000000 0,000000 0,000000
108 1686493276 4,600000 -1,000000 -101,000000 0,000000 0,000000
108 1686493277 4,600000 -1,000000 -101,000000 0,000000 0,000000
108 1686493278 4,600000 -1,000000 -101,000000 0,000000 0,000000
108 1686493279 4,600000 -1,000000 -101,000000 0,000000 0,000000
108 1686493280 4,600000 -1,000000 -101,000000 0,000000 0,000000
108 1686493281 3,200000 -1,000000 -101,000000 0,000000 0,000000
108 1686493282 3,200000 -1,000000 -101,000000 0,000000 0,000000
108 1686493283 3,200000 -1,000000 -101,000000 0,000000 0,000000
108 1686493284 3,200000 -1,000000 -101,000000 0,000000 0,000000
108 1686493285 3,200000 -1,000000 -101,000000 0,000000 0,000000
108 1686493286 2,400000 -1,000000 -101,000000 0,000000 0,000000
108 1686493287 2,400000 -1,000000 -101,000000 0,000000 0,000000
108 1686493288 2,400000 -1,000000 -101,000000 0,000000 0,000000
108 1686493289 2,400000 -1,000000 -101,000000 0,000000 0,000000
108 1686493290 2,400000 -1,000000 -101,000000 0,000000 0,000000
108 1686493291 3,200000 -1,000000 -101,000000 0,000000 0,000000
108 1686493292 3,200000 -1,000000 -101,000000 0,000000 0,000000
108 1686493293 3,200000 -1,000000 -101,000000 0,000000 0,000000
108 1686493294 3,200000 -1,000000 -101,000000 0,000000 0,000000
108 1686493295 3,200000 -1,000000 -101,000000 0,000000 0,000000
108 1686493296 3,400000 -1,000000 -101,000000 0,000000 0,000000
108 1686493297 3,400000 -1,000000 -101,000000 0,000000 0,000000
108 1686493298 3,400000 -1,000000 -101,000000 0,000000 0,000000
108 1686493299 3,400000 -1,000000 -101,000000 0,000000 0,000000
108 1686493300 3,400000 -1,000000 -101,000000 0,000000 0,000000
108 1686493301 0,400000 -1,000000 -101,000000 0,000000 0,000000
108 1686493302 0,400000 -1,000000 -101,000000 0,000000 0,000000
108 1686493303 0,400000 -1,000000 -101,000000 0,000000 0,000000
108 1686493304 0,400000 -1,000000 -101,000000 0,000000 0,000000
108 1686493305 0,400000 -1,000000 -101,000000 0,000000 0,000000
108 1686493306 3,600000 -1,000000 -101,000000 0,000000 0,000000
108 1686493307 3,600000 -1,000000 -101,000000 0,000000 0,000000
108 1686493308 3,600000 -1,000000 -101,000000 0,000000 0,000000
108 1686493309 3,600000 -1,000000 -101,000000 0,000000 0,000000
108 1686493310 3,600000 -1,000000 -101,000000 0,000000 0,000000
108 1686493311 4,600000 -1,000000 -101,000000 0,000000 0,000000
108 1686493312 4,600000 -1,000000 -101,000000 0,000000 0,000000
108 1686493313 4,600000 -1,000000 -101,000000 0,000000 0,000000
108 1686493314 4,600000 -1,000000 -101,000000 0,000000 0,000000
108 1686493315 4,600000 -1,000000 -101,000000 0,000000 0,000000
108 1686493316 2,800000 -1,000000 -101,000000 0,000000 0,000000
108 1686493317 2,800000 -1,000000 -101,000000 0,000000 0,000000
108 1686493318 2,800000 -1,000000 -101,000000 0,000000 0,000000
108 1686493319 2,800000 -1,000000 -101,000000 0,000000 0,000000
108 1686493320 2,800000 -1,000000 -101,000000 0,000000 0,000000
108 1686493321 1,800000 -1,000000 -101,000000 0,000000 0,000000
108 1686493322 1,800000 -1,000000 -101,000000 0,000000 0,000000
108 1686493323 1,800000 -1,000000 -101,000000 0,000000 0,000000
108 1686493324 1,800000 -1,000000 -101,000000 0,000000 0,000000
108 1686493325 1,800000 -1,000000 -101,000000 0,000000 0,000000
108 1686493326 1,800000 -1,000000 -101,000000 0,000000 0,000000
108 1686493327 1,800000 -1,000000 -101,000000 0,000000 0,000000
108 1686493328 1,800000 -1,000000 -101,000000 0,000000 0,000000
108 1686493329 1,800000 -1,000000 -101,000000 0,000000 0,000000
108 1686493330 1,800000 -1,000000 -101,000000 0,000000 0,000000
108 1686493331 3,200000 -1,000000 -101,000000 0,000000 0,000000
108 1686493332 3,200000 -1,000000 -101,000000 0,000000 0,000000
108 1686493333 3,200000 -1,000000 -101,000000 0,000000 0,000000
108 1686493334 3,200000 -1,000000 -101,000000 0,000000 0,000000
108 1686493335 3,200000 -1,000000 -101,000000 0,000000 0,000000
108 1686493336 5,000000 -1,000000 -101,000000 0,000000 0,000000
108 1686493337 5,000000 -1,000000 -101,000000 0,000000 0,000000
108 1686493338 5,000000 -1,000000 -101,000000 0,000000 0,000000
108 1686493339 5,000000 -1,000000 -101,000000 0,000000 0,000000
108 1686493340 5,000000 -1,000000 -101,000000 0,000000 0,000000
108 1686493341 2,600000 -1,000000 -101,000000 0,000000 0,000000
108 1686493342 2,600000 -1,000000 -101,000000 0,000000 0,000000
108 1686493343 2,600000 -1,000000 -101,000000 0,000000 0,000000
108 1686493344 2,600000 -1,000000 -101,000000 0,000000 0,000000
108 1686493345 2,600000 -1,000000 -101,000000 0,000000 0,000000
108 1686493346 2,000000 -1,000000 -101,000000 0,000000 0,000000
108 1686493347 2,000000 -1,000000 -101,000000 0,000000 0,000000
108 1686493348 2,000000 -1,000000 -101,000000 0,000000 0,000000
108 1686493349 2,000000 -1,000000 -101,000000 0,000000 0,000000
108 1686493350 2,000000 -1,000000 -101,000000 0,000000 0,000000
108 1686493351 3,200000 -1,000000 -101,000000 0,000000 0,000000
108 1686493352 3,200000 -1,000000 -101,000000 0,000000 0,000000
108 1686493353 3,200000 -1,000000 -101,000000 0,000000 0,000000
108 1686493354 3,200000 -1,000000 -101,000000 0,000000 0,000000
108 1686493355 3,200000 -1,000000 -101,000000 0,000000 0,000000
108 1686493356 4,600000 -1,000000 -101,000000 0,000000 0,000000
108 1686493357 4,600000 -1,000000 -101,000000 0,000000 0,000000
108 1686493358 4,600000 -1,000000 -101,000000 0,000000 0,000000
108 1686493359 4,600000 -1,000000 -101,000000 0,000000 0,000000
108 1686493360 4,600000 -1,000000 -101,000000 0,000000 0,000000
108 1686493361 4,000000 -1,000000 -101,000000 0,000000 0,000000
108 1686493362 4,000000 -1,000000 -101,000000 0,000000 0,000000
108 1686493363 4,000000 -1,000000 -101,000000 0,000000 0,000000
108 1686493364 4,000000 -1,000000 -101,000000 0,000000 0,000000
108 1686493365 4,000000 -1,000000 -101,000000 0,000000 0,000000
108 1686493366 6,000000 -1,000000 -101,000000 0,000000 0,000000
108 1686493367 6,000000 -1,000000 -101,000000 0,000000 0,000000
108 1686493368 6,000000 -1,000000 -101,000000 0,000000 0,000000
108 1686493369 6,000000 -1,000000 -101,000000 0,000000 0,000000
108 1686493370 6,000000 -1,000000 -101,000000 0,000000 0,000000
108 1686493371 3,600000 -1,000000 -101,000000 0,000000 0,000000
108 1686493372 3,600000 -1,000000 -101,000000 0,000000 0,000000
108 1686493373 3,600000 -1,000000 -101,000000 0,000000 0,000000
108 1686493374 3,600000 -1,000000 -101,000000 0,000000 0,000000
108 1686493375 3,600000 -1,000000 -101,000000 0,000000 0,000000
108 1686493376 3,000000 -1,000000 -101,000000 0,000000 0,000000
108 1686493377 3,000000 -1,000000 -101,000000 0,000000 0,000000
108 1686493378 3,000000 -1,000000 -101,000000 0,000000 0,000000
108 1686493379 3,000000 -1,000000 -101,000000 0,000000 0,000000
108 1686493380 3,000000 -1,000000 -101,000000 0,000000 0,000000
108 1686493381 2,000000 -1,000000 -101,000000 0,000000 0,000000
108 1686493382 2,000000 -1,000000 -101,000000 0,000000 0,000000
108 1686493383 2,000000 -1,000000 -101,000000 0,000000 0,000000
108 1686493384 2,000000 -1,000000 -101,000000 0,000000 0,000000
108 1686493385 2,000000 -1,000000 -101,000000 0,000000 0,000000
108 1686493386 0,200000 -1,000000 -101,000000 0,000000 0,000000
108 1686493387 0,200000 -1,000000 -101,000000 0,000000 0,000000
108 1686493388 0,200000 -1,000000 -101,000000 0,000000 0,000000
108 1686493389 0,200000 -1,000000 -101,000000 0,000000 0,000000
108 1686493390 0,200000 -1,000000 -101,000000 0,000000 0,000000
108 1686493391 3,200000 -1,000000 -101,000000 0,000000 0,000000
108 1686493392 3,200000 -1,000000 -101,000000 0,000000 0,000000
108 1686493393 3,200000 -1,000000 -101,000000 0,000000 0,000000
108 1686493394 3,200000 -1,000000 -101,000000 0,000000 0,000000
108 1686493395 3,200000 -1,000000 -101,000000 0,000000 0,000000
108 1686493396 1,400000 -1,000000 -101,000000 0,000000 0,000000
108 1686493397 1,400000 -1,000000 -101,000000 0,000000 0,000000
108 1686493398 1,400000 -1,000000 -101,000000 0,000000 0,000000
108 1686493399 1,400000 -1,000000 -101,000000 0,000000 0,000000
108 1686493400 1,400000 -1,000000 -101,000000 0,000000 0,000000
108 1686493401 4,400000 -1,000000 -101,000000 0,000000 0,000000
108 1686493402 4,400000 -1,000000 -101,000000 0,000000 0,000000
108 1686493403 4,400000 -1,000000 -101,000000 0,000000 0,000000
108 1686493404 4,400000 -1,000000 -101,000000 0,000000 0,000000
108 1686493405 4,400000 -1,000000 -101,000000 0,000000 0,000000
108 1686493406 3,800000 -1,000000 -101,000000 0,000000 0,000000
108 1686493407 3,800000 -1,000000 -101,000000 0,000000 0,000000
108 1686493408 3,800000 -1,000000 -101,000000 0,000000 0,000000
108 1686493409 3,800000 -1,000000 -101,000000 0,000000 0,000000
108 1686493410 3,800000 -1,000000 -101,000000 0,000000 0,000000
108 1686493411 3,200000 -1,000000 -101,000000 0,000000 0,000000
108 1686493412 3,200000 -1,000000 -101,000000 0,000000 0,000000
108 1686493413 3,200000 -1,000000 -101,000000 0,000000 0,000000
108 1686493414 3,200000 -1,000000 -101,000000 0,000000 0,000000
108 1686493415 3,200000 -1,000000 -101,000000 0,000000 0,000000
108 1686493416 5,200000 -1,000000 -101,000000 0,000000 0,000000
108 1686493417 5,200000 -1,000000 -101,000000 0,000000 0,000000
108 1686493418 5,200000 -1,000000 -101,000000 0,000000 0,000000
108 1686493419 5,200000 -1,000000 -101,000000 0,000000 0,000000
108 1686493420 5,200000 -1,000000 -101,000000 0,000000 0,000000
108 1686493421 0,200000 -1,000000 -101,000000 0,000000 0,000000
108 1686493422 0,200000 -1,000000 -101,000000 0,000000 0,000000
108 1686493423 0,200000 -1,000000 -101,000000 0,000000 0,000000
108 1686493424 0,200000 -1,000000 -101,000000 0,000000 0,000000
108 1686493425 0,200000 -1,000000 -101,000000 0,000000 0,000000
108 1686493426 1,800000 -1,000000 -101,000000 0,000000 0,000000
108 1686493427 1,800000 -1,000000 -101,000000 0,000000 0,000000
108 1686493428 1,800000 -1,000000 -101,000000 0,000000 0,000000
108 1686493429 1,800000 -1,000000 -101,000000 0,000000 0,000000
108 1686493430 1,800000 -1,000000 -101,000000 0,000000 0,000000
108 1686493431 4,600000 -1,000000 -101,000000 0,000000 0,000000
108 1686493432 4,600000 -1,000000 -101,000000 0,000000 0,000000
108 1686493433 4,600000 -1,000000 -101,000000 0,000000 0,000000
108 1686493434 4,600000 -1,000000 -101,000000 0,000000 0,000000
108 1686493435 4,600000 -1,000000 -101,000000 0,000000 0,000000
108 1686493436 4,200000 -1,000000 -101,000000 0,000000 0,000000
108 1686493437 4,200000 -1,000000 -101,000000 0,000000 0,000000
108 1686493438 4,200000 -1,000000 -101,000000 0,000000 0,000000
108 1686493439 4,200000 -1,000000 -101,000000 0,000000 0,000000
108 1686493440 4,200000 -1,000000 -101,000000 0,000000 0,000000
108 1686493441 4,200000 -1,000000 -101,000000 0,000000 0,000000
108 1686493442 4,200000 -1,000000 -101,000000 0,000000 0,000000
108 1686493443 4,200000 -1,000000 -101,000000 0,000000 0,000000
108 1686493444 4,200000 -1,000000 -101,000000 0,000000 0,000000
108 1686493445 4,200000 -1,000000 -101,000000 0,000000 0,000000
108 1686493446 5,000000 -1,000000 -101,000000 0,000000 0,000000
108 1686493447 5,000000 -1,000000 -101,000000 0,000000 0,000000
108 1686493448 5,000000 -1,000000 -101,000000 0,000000 0,000000
108 1686493449 5,000000 -1,000000 -101,000000 0,000000 0,000000
108 1686493450 5,000000 -1,000000 -101,000000 0,000000 0,000000
108 1686493451 7,600000 -1,000000 -101,000000 0,000000 0,000000
108 1686493452 7,600000 -1,000000 -101,000000 0,000000 0,000000
108 1686493453 7,600000 -1,000000 -101,000000 0,000000 0,000000
108 1686493454 7,600000 -1,000000 -101,000000 0,000000 0,000000
108 1686493455 7,600000 -1,000000 -101,000000 0,000000 0,000000
108 1686493456 6,400000 -1,000000 -101,000000 0,000000 0,000000
108 1686493457 6,400000 -1,000000 -101,000000 0,000000 0,000000
108 1686493458 6,400000 -1,000000 -101,000000 0,000000 0,000000
108 1686493459 6,400000 -1,000000 -101,000000 0,000000 0,000000
108 1686493460 6,400000 -1,000000 -101,000000 0,000000 0,000000
108 1686493461 4,200000 -1,000000 -101,000000 0,000000 0,000000
108 1686493462 4,200000 -1,000000 -101,000000 0,000000 0,000000
108 1686493463 4,200000 -1,000000 -101,000000 0,000000 0,000000
108 1686493464 4,200000 -1,000000 -101,000000 0,000000 0,000000
108 1686493465 4,200000 -1,000000 -101,000000 0,000000 0,000000
108 1686493466 1,600000 -1,000000 -101,000000 0,000000 0,000000
108 1686493467 1,600000 -1,000000 -101,000000 0,000000 0,000000
108 1686493468 1,600000 -1,000000 -101,000000 0,000000 0,000000
108 1686493469 1,600000 -1,000000 -101,000000 0,000000 0,000000
108 1686493470 1,600000 -1,000000 -101,000000 0,000000 0,000000
108 1686493471 6,600000 -1,000000 -101,000000 0,000000 0,000000
108 1686493472 6,600000 -1,000000 -101,000000 0,000000 0,000000
108 1686493473 6,600000 -1,000000 -101,000000 0,000000 0,000000
108 1686493474 6,600000 -1,000000 -101,000000 0,000000 0,000000
108 1686493475 6,600000 -1,000000 -101,000000 0,000000 0,000000
108 1686493476 2,000000 -1,000000 -101,000000 0,000000 0,000000
108 1686493477 2,000000 -1,000000 -101,000000 0,000000 0,000000
108 1686493478 2,000000 -1,000000 -101,000000 0,000000 0,000000
108 1686493479 2,000000 -1,000000 -101,000000 0,000000 0,000000
108 1686493480 2,000000 -1,000000 -101,000000 0,000000 0,000000
108 1686493481 1,400000 -1,000000 -101,000000 0,000000 0,000000
108 1686493482 1,400000 -1,000000 -101,000000 0,000000 0,000000
108 1686493483 1,400000 -1,000000 -101,000000 0,000000 0,000000
108 1686493484 1,400000 -1,000000 -101,000000 0,000000 0,000000
108 1686493485 1,400000 -1,000000 -101,000000 0,000000 0,000000
108 1686493486 3,600000 -1,000000 -101,000000 0,000000 0,000000
108 1686493487 3,600000 -1,000000 -101,000000 0,000000 0,000000
108 1686493488 3,600000 -1,000000 -101,000000 0,000000 0,000000
108 1686493489 3,600000 -1,000000 -101,000000 0,000000 0,000000
108 1686493490 3,600000 -1,000000 -101,000000 0,000000 0,000000
108 1686493491 1,600000 -1,000000 -101,000000 0,000000 0,000000
108 1686493492 1,600000 -1,000000 -101,000000 0,000000 0,000000
108 1686493493 1,600000 -1,000000 -101,000000 0,000000 0,000000
108 1686493494 1,600000 -1,000000 -101,000000 0,000000 0,000000
108 1686493495 1,600000 -1,000000 -101,000000 0,000000 0,000000
108 1686493496 4,400000 -1,000000 -101,000000 0,000000 0,000000
108 1686493497 4,400000 -1,000000 -101,000000 0,000000 0,000000
108 1686493498 4,400000 -1,000000 -101,000000 0,000000 0,000000
108 1686493499 4,400000 -1,000000 -101,000000 0,000000 0,000000
108 1686493500 4,400000 -1,000000 -101,000000 0,000000 0,000000
108 1686493501 1,600000 -1,000000 -101,000000 0,000000 0,000000
108 1686493502 1,600000 -1,000000 -101,000000 0,000000 0,000000
108 1686493503 1,600000 -1,000000 -101,000000 0,000000 0,000000
108 1686493504 1,600000 -1,000000 -101,000000 0,000000 0,000000
108 1686493505 1,600000 -1,000000 -101,000000 0,000000 0,000000
108 1686493506 1,600000 -1,000000 -101,000000 0,000000 0,000000
108 1686493507 1,600000 -1,000000 -101,000000 0,000000 0,000000
108 1686493508 1,600000 -1,000000 -101,000000 0,000000 0,000000
108 1686493509 1,600000 -1,000000 -101,000000 0,000000 0,000000
108 1686493510 1,600000 -1,000000 -101,000000 0,000000 0,000000
108 1686493511 7,000000 -1,000000 -101,000000 0,000000 0,000000
108 1686493512 7,000000 -1,000000 -101,000000 0,000000 0,000000
108 1686493513 7,000000 -1,000000 -101,000000 0,000000 0,000000
108 1686493514 7,000000 -1,000000 -101,000000 0,000000 0,000000
108 1686493515 7,000000 -1,000000 -101,000000 0,000000 0,000000
108 1686493516 3,400000 -1,000000 -101,000000 0,000000 0,000000
108 1686493517 3,400000 -1,000000 -101,000000 0,000000 0,000000
108 1686493518 3,400000 -1,000000 -101,000000 0,000000 0,000000
108 1686493519 3,400000 -1,000000 -101,000000 0,000000 0,000000
108 1686493520 3,400000 -1,000000 -101,000000 0,000000 0,000000
108 1686493521 2,600000 -1,000000 -101,000000 0,000000 0,000000
108 1686493522 2,600000 -1,000000 -101,000000 0,000000 0,000000
108 1686493523 2,600000 -1,000000 -101,000000 0,000000 0,000000
108 1686493524 2,600000 -1,000000 -101,000000 0,000000 0,000000
108 1686493525 2,600000 -1,000000 -101,000000 0,000000 0,000000
108 1686493526 4,400000 -1,000000 -101,000000 0,000000 0,000000
108 1686493527 4,400000 -1,000000 -101,000000 0,000000 0,000000
108 1686493528 4,400000 -1,000000 -101,000000 0,000000 0,000000
108 1686493529 4,400000 -1,000000 -101,000000 0,000000 0,000000
108 1686493530 4,400000 -1,000000 -101,000000 0,000000 0,000000
108 1686493531 3,200000 -1,000000 -101,000000 0,000000 0,000000
108 1686493532 3,200000 -1,000000 -101,000000 0,000000 0,000000
108 1686493533 3,200000 -1,000000 -101,000000 0,000000 0,000000
108 1686493534 3,200000 -1,000000 -101,000000 0,000000 0,000000
108 1686493535 3,200000 -1,000000 -101,000000 0,000000 0,000000
108 1686493536 4,200000 -1,000000 -101,000000 0,000000 0,000000
108 1686493537 4,200000 -1,000000 -101,000000 0,000000 0,000000
108 1686493538 4,200000 -1,000000 -101,000000 0,000000 0,000000
108 1686493539 4,200000 -1,000000 -101,000000 0,000000 0,000000
108 1686493540 4,200000 -1,000000 -101,000000 0,000000 0,000000
108 1686493541 3,000000 -1,000000 -101,000000 0,000000 0,000000
108 1686493542 3,000000 -1,000000 -101,000000 0,000000 0,000000
108 1686493543 3,000000 -1,000000 -101,000000 0,000000 0,000000
108 1686493544 3,000000 -1,000000 -101,000000 0,000000 0,000000
108 1686493545 3,000000 -1,000000 -101,000000 0,000000 0,000000
108 1686493546 4,000000 -1,000000 -101,000000 0,000000 0,000000
108 1686493547 4,000000 -1,000000 -101,000000 0,000000 0,000000
108 1686493548 4,000000 -1,000000 -101,000000 0,000000 0,000000
108 1686493549 4,000000 -1,000000 -101,000000 0,000000 0,000000
108 1686493550 4,000000 -1,000000 -101,000000 0,000000 0,000000
108 1686493551 5,200000 -1,000000 -101,000000 0,000000 0,000000
108 1686493552 5,200000 -1,000000 -101,000000 0,000000 0,000000
108 1686493553 5,200000 -1,000000 -101,000000 0,000000 0,000000
108 1686493554 5,200000 -1,000000 -101,000000 0,000000 0,000000
108 1686493555 5,200000 -1,000000 -101,000000 0,000000 0,000000
108 1686493556 3,800000 -1,000000 -101,000000 0,000000 0,000000
108 1686493557 3,800000 -1,000000 -101,000000 0,000000 0,000000
108 1686493558 3,800000 -1,000000 -101,000000 0,000000 0,000000
108 1686493559 3,800000 -1,000000 -101,000000 0,000000 0,000000
108 1686493560 3,800000 -1,000000 -101,000000 0,000000 0,000000
108 1686493561 4,400000 -1,000000 -101,000000 0,000000 0,000000
108 1686493562 4,400000 -1,000000 -101,000000 0,000000 0,000000
108 1686493563 4,400000 -1,000000 -101,000000 0,000000 0,000000
108 1686493564 4,400000 -1,000000 -101,000000 0,000000 0,000000
108 1686493565 4,400000 -1,000000 -101,000000 0,000000 0,000000
108 1686493566 3,000000 -1,000000 -101,000000 0,000000 0,000000
108 1686493567 3,000000 -1,000000 -101,000000 0,000000 0,000000
108 1686493568 3,000000 -1,000000 -101,000000 0,000000 0,000000
108 1686493569 3,000000 -1,000000 -101,000000 0,000000 0,000000
108 1686493570 3,000000 -1,000000 -101,000000 0,000000 0,000000
108 1686493571 3,800000 -1,000000 -101,000000 0,000000 0,000000
108 1686493572 3,800000 -1,000000 -101,000000 0,000000 0,000000
108 1686493573 3,800000 -1,000000 -101,000000 0,000000 0,000000
108 1686493574 3,800000 -1,000000 -101,000000 0,000000 0,000000
108 1686493575 3,800000 -1,000000 -101,000000 0,000000 0,000000
108 1686493576 4,200000 -1,000000 -101,000000 0,000000 0,000000
108 1686493577 4,200000 -1,000000 -101,000000 0,000000 0,000000
108 1686493578 4,200000 -1,000000 -101,000000 0,000000 0,000000
108 1686493579 4,200000 -1,000000 -101,000000 0,000000 0,000000
108 1686493580 4,200000 -1,000000 -101,000000 0,000000 0,000000
108 1686493581 3,000000 -1,000000 -101,000000 0,000000 0,000000
108 1686493582 3,000000 -1,000000 -101,000000 0,000000 0,000000
108 1686493583 3,000000 -1,000000 -101,000000 0,000000 0,000000
108 1686493584 3,000000 -1,000000 -101,000000 0,000000 0,000000
108 1686493585 3,000000 -1,000000 -101,000000 0,000000 0,000000
108 1686493586 1,400000 -1,000000 -101,000000 0,000000 0,000000
108 1686493587 1,400000 -1,000000 -101,000000 0,000000 0,000000
108 1686493588 1,400000 -1,000000 -101,000000 0,000000 0,000000
108 1686493589 1,400000 -1,000000 -101,000000 0,000000 0,000000
108 1686493590 1,400000 -1,000000 -101,000000 0,000000 0,000000
108 1686493591 5,000000 -1,000000 -101,000000 0,000000 0,000000
108 1686493592 5,000000 -1,000000 -101,000000 0,000000 0,000000
108 1686493593 5,000000 -1,000000 -101,000000 0,000000 0,000000
108 1686493594 5,000000 -1,000000 -101,000000 0,000000 0,000000
108 1686493595 5,000000 -1,000000 -101,000000 0,000000 0,000000
108 1686493596 4,600000 -1,000000 -101,000000 0,000000 0,000000
108 1686493597 4,600000 -1,000000 -101,000000 0,000000 0,000000
108 1686493598 4,600000 -1,000000 -101,000000 0,000000 0,000000
108 1686493599 4,600000 -1,000000 -101,000000 0,000000 0,000000
108 1686493600 4,600000 -1,000000 -101,000000 0,000000 0,000000
108 1686493601 4,200000 -1,000000 -101,000000 0,000000 0,000000
108 1686493602 4,200000 -1,000000 -101,000000 0,000000 0,000000
108 1686493603 4,200000 -1,000000 -101,000000 0,000000 0,000000
108 1686493604 4,200000 -1,000000 -101,000000 0,000000 0,000000
108 1686493605 4,200000 -1,000000 -101,000000 0,000000 0,000000
108 1686493606 3,800000 -1,000000 -101,000000 0,000000 0,000000
108 1686493607 3,800000 -1,000000 -101,000000 0,000000 0,000000
108 1686493608 3,800000 -1,000000 -101,000000 0,000000 0,000000
108 1686493609 3,800000 -1,000000 -101,000000 0,000000 0,000000
108 1686493610 3,800000 -1,000000 -101,000000 0,000000 0,000000
108 1686493611 2,800000 -1,000000 -101,000000 0,000000 0,000000
108 1686493612 2,800000 -1,000000 -101,000000 0,000000 0,000000
108 1686493613 2,800000 -1,000000 -101,000000 0,000000 0,000000
108 1686493614 2,800000 -1,000000 -101,000000 0,000000 0,000000
108 1686493615 2,800000 -1,000000 -101,000000 0,000000 0,000000
108 1686493616 6,800000 -1,000000 -101,000000 0,000000 0,000000
108 1686493617 6,800000 -1,000000 -101,000000 0,000000 0,000000
108 1686493618 6,800000 -1,000000 -101,000000 0,000000 0,000000
108 1686493619 6,800000 -1,000000 -101,000000 0,000000 0,000000
108 1686493620 6,800000 -1,000000 -101,000000 0,000000 0,000000
108 1686493621 2,200000 -1,000000 -101,000000 0,000000 0,000000
108 1686493622 2,200000 -1,000000 -101,000000 0,000000 0,000000
108 1686493623 2,200000 -1,000000 -101,000000 0,000000 0,000000
108 1686493624 2,200000 -1,000000 -101,000000 0,000000 0,000000
108 1686493625 2,200000 -1,000000 -101,000000 0,000000 0,000000
108 1686493626 1,600000 -1,000000 -101,000000 0,000000 0,000000
108 1686493627 1,600000 -1,000000 -101,000000 0,000000 0,000000
108 1686493628 1,600000 -1,000000 -101,000000 0,000000 0,000000
108 1686493629 1,600000 -1,000000 -101,000000 0,000000 0,000000
108 1686493630 1,600000 -1,000000 -101,000000 0,000000 0,000000
108 1686493631 5,800000 -1,000000 -101,000000 0,000000 0,000000
108 1686493632 5,800000 -1,000000 -101,000000 0,000000 0,000000
108 1686493633 5,800000 -1,000000 -101,000000 0,000000 0,000000
108 1686493634 5,800000 -1,000000 -101,000000 0,000000 0,000000
108 1686493635 5,800000 -1,000000 -101,000000 0,000000 0,000000
108 1686493636 3,000000 -1,000000 -101,000000 0,000000 0,000000
108 1686493637 3,000000 -1,000000 -101,000000 0,000000 0,000000
108 1686493638 3,000000 -1,000000 -101,000000 0,000000 0,000000
108 1686493639 3,000000 -1,000000 -101,000000 0,000000 0,000000
108 1686493640 3,000000 -1,000000 -101,000000 0,000000 0,000000
108 1686493641 2,600000 -1,000000 -101,000000 0,000000 0,000000
108 1686493642 2,600000 -1,000000 -101,000000 0,000000 0,000000
108 1686493643 2,600000 -1,000000 -101,000000 0,000000 0,000000
108 1686493644 2,600000 -1,000000 -101,000000 0,000000 0,000000
108 1686493645 2,600000 -1,000000 -101,000000 0,000000 0,000000
108 1686493646 4,800000 -1,000000 -101,000000 0,000000 0,000000
108 1686493647 4,800000 -1,000000 -101,000000 0,000000 0,000000
108 1686493648 4,800000 -1,000000 -101,000000 0,000000 0,000000
108 1686493649 4,800000 -1,000000 -101,000000 0,000000 0,000000
108 1686493650 4,800000 -1,000000 -101,000000 0,000000 0,000000
108 1686493651 5,200000 -1,000000 -101,000000 0,000000 0,000000
108 1686493652 5,200000 -1,000000 -101,000000 0,000000 0,000000
108 1686493653 5,200000 -1,000000 -101,000000 0,000000 0,000000
108 1686493654 5,200000 -1,000000 -101,000000 0,000000 0,000000
108 1686493655 5,200000 -1,000000 -101,000000 0,000000 0,000000
108 1686493656 5,200000 -1,000000 -101,000000 0,000000 0,000000
108 1686493657 5,200000 -1,000000 -101,000000 0,000000 0,000000
108 1686493658 5,200000 -1,000000 -101,000000 0,000000 0,000000
108 1686493659 5,200000 -1,000000 -101,000000 0,000000 0,000000
108 1686493660 5,200000 -1,000000 -101,000000 0,000000 0,000000
108 1686493661 2,000000 -1,000000 -101,000000 0,000000 0,000000
108 1686493662 2,000000 -1,000000 -101,000000 0,000000 0,000000
108 1686493663 2,000000 -1,000000 -101,000000 0,000000 0,000000
108 1686493664 2,000000 -1,000000 -101,000000 0,000000 0,000000
108 1686493665 2,000000 -1,000000 -101,000000 0,000000 0,000000
108 1686493666 3,400000 -1,000000 -101,000000 0,000000 0,000000
108 1686493667 3,400000 -1,000000 -101,000000 0,000000 0,000000
108 1686493668 3,400000 -1,000000 -101,000000 0,000000 0,000000
108 1686493669 3,400000 -1,000000 -101,000000 0,000000 0,000000
108 1686493670 3,400000 -1,000000 -101,000000 0,000000 0,000000
108 1686493671 5,000000 -1,000000 -101,000000 0,000000 0,000000
108 1686493672 5,000000 -1,000000 -101,000000 0,000000 0,000000
108 1686493673 5,000000 -1,000000 -101,000000 0,000000 0,000000
108 1686493674 5,000000 -1,000000 -101,000000 0,000000 0,000000
108 1686493675 5,000000 -1,000000 -101,000000 0,000000 0,000000
108 1686493676 1,400000 -1,000000 -101,000000 0,000000 0,000000
108 1686493677 1,400000 -1,000000 -101,000000 0,000000 0,000000
108 1686493678 1,400000 -1,000000 -101,000000 0,000000 0,000000
108 1686493679 1,400000 -1,000000 -101,000000 0,000000 0,000000
108 1686493680 1,400000 -1,000000 -101,000000 0,000000 0,000000
108 1686493681 2,800000 -1,000000 -101,000000 0,000000 0,000000
108 1686493682 2,800000 -1,000000 -101,000000 0,000000 0,000000
108 1686493683 2,800000 -1,000000 -101,000000 0,000000 0,000000
108 1686493684 2,800000 -1,000000 -101,000000 0,000000 0,000000
108 1686493685 2,800000 -1,000000 -101,000000 0,000000 0,000000
108 1686493686 4,800000 -1,000000 -101,000000 0,000000 0,000000
108 1686493687 4,800000 -1,000000 -101,000000 0,000000 0,000000
108 1686493688 4,800000 -1,000000 -101,000000 0,000000 0,000000
108 1686493689 4,800000 -1,000000 -101,000000 0,000000 0,000000
108 1686493690 4,800000 -1,000000 -101,000000 0,000000 0,000000
108 1686493691 6,000000 -1,000000 -101,000000 0,000000 0,000000
108 1686493692 6,000000 -1,000000 -101,000000 0,000000 0,000000
108 1686493693 6,000000 -1,000000 -101,000000 0,000000 0,000000
108 1686493694 6,000000 -1,000000 -101,000000 0,000000 0,000000
108 1686493695 6,000000 -1,000000 -101,000000 0,000000 0,000000
108 1686493696 5,200000 -1,000000 -101,000000 0,000000 0,000000
108 1686493697 5,200000 -1,000000 -101,000000 0,000000 0,000000
108 1686493698 5,200000 -1,000000 -101,000000 0,000000 0,000000
108 1686493699 5,200000 -1,000000 -101,000000 0,000000 0,000000
108 1686493700 5,200000 -1,000000 -101,000000 0,000000 0,000000
108 1686493701 1,200000 -1,000000 -101,000000 0,000000 0,000000
108 1686493702 1,200000 -1,000000 -101,000000 0,000000 0,000000
108 1686493703 1,200000 -1,000000 -101,000000 0,000000 0,000000
108 1686493704 1,200000 -1,000000 -101,000000 0,000000 0,000000
108 1686493705 1,200000 -1,000000 -101,000000 0,000000 0,000000
108 1686493706 3,600000 -1,000000 -101,000000 0,000000 0,000000
108 1686493707 3,600000 -1,000000 -101,000000 0,000000 0,000000
108 1686493708 3,600000 -1,000000 -101,000000 0,000000 0,000000
108 1686493709 3,600000 -1,000000 -101,000000 0,000000 0,000000
108 1686493710 3,600000 -1,000000 -101,000000 0,000000 0,000000
108 1686493711 4,600000 -1,000000 -101,000000 0,000000 0,000000
108 1686493712 4,600000 -1,000000 -101,000000 0,000000 0,000000
108 1686493713 4,600000 -1,000000 -101,000000 0,000000 0,000000
108 1686493714 4,600000 -1,000000 -101,000000 0,000000 0,000000
108 1686493715 4,600000 -1,000000 -101,000000 0,000000 0,000000
108 1686493716 2,600000 -1,000000 -101,000000 0,000000 0,000000
108 1686493717 2,600000 -1,000000 -101,000000 0,000000 0,000000
108 1686493718 2,600000 -1,000000 -101,000000 0,000000 0,000000
108 1686493719 2,600000 -1,000000 -101,000000 0,000000 0,000000
108 1686493720 2,600000 -1,000000 -101,000000 0,000000 0,000000
108 1686493721 2,000000 -1,000000 -101,000000 0,000000 0,000000
108 1686493722 2,000000 -1,000000 -101,000000 0,000000 0,000000
108 1686493723 2,000000 -1,000000 -101,000000 0,000000 0,000000
108 1686493724 2,000000 -1,000000 -101,000000 0,000000 0,000000
108 1686493725 2,000000 -1,000000 -101,000000 0,000000 0,000000
108 1686493726 3,400000 -1,000000 -101,000000 0,000000 0,000000
108 1686493727 3,400000 -1,000000 -101,000000 0,000000 0,000000
108 1686493728 3,400000 -1,000000 -101,000000 0,000000 0,000000
108 1686493729 3,400000 -1,000000 -101,000000 0,000000 0,000000
108 1686493730 3,400000 -1,000000 -101,000000 0,000000 0,000000
108 1686493731 3,800000 -1,000000 -101,000000 0,000000 0,000000
108 1686493732 3,800000 -1,000000 -101,000000 0,000000 0,000000
108 1686493733 3,800000 -1,000000 -101,000000 0,000000 0,000000
108 1686493734 3,800000 -1,000000 -101,000000 0,000000 0,000000
108 1686493735 3,800000 -1,000000 -101,000000 0,000000 0,000000
108 1686493736 4,400000 -1,000000 -101,000000 0,000000 0,000000
108 1686493737 4,400000 -1,000000 -101,000000 0,000000 0,000000
108 1686493738 4,400000 -1,000000 -101,000000 0,000000 0,000000
108 1686493739 4,400000 -1,000000 -101,000000 0,000000 0,000000
108 1686493740 4,400000 -1,000000 -101,000000 0,000000 0,000000
108 1686493741 3,400000 -1,000000 -101,000000 0,000000 0,000000
108 1686493742 3,400000 -1,000000 -101,000000 0,000000 0,000000
108 1686493743 3,400000 -1,000000 -101,000000 0,000000 0,000000
108 1686493744 3,400000 -1,000000 -101,000000 0,000000 0,000000
108 1686493745 3,400000 -1,000000 -101,000000 0,000000 0,000000
108 1686493746 0,800000 -1,000000 -101,000000 0,000000 0,000000
108 1686493747 0,800000 -1,000000 -101,000000 0,000000 0,000000
108 1686493748 0,800000 -1,000000 -101,000000 0,000000 0,000000
108 1686493749 0,800000 -1,000000 -101,000000 0,000000 0,000000
108 1686493750 0,800000 -1,000000 -101,000000 0,000000 0,000000
108 1686493751 3,200000 -1,000000 -101,000000 0,000000 0,000000
108 1686493752 3,200000 -1,000000 -101,000000 0,000000 0,000000
108 1686493753 3,200000 -1,000000 -101,000000 0,000000 0,000000
108 1686493754 3,200000 -1,000000 -101,000000 0,000000 0,000000
108 1686493755 3,200000 -1,000000 -101,000000 0,000000 0,000000
108 1686493756 1,400000 -1,000000 -101,000000 0,000000 0,000000
108 1686493757 1,400000 -1,000000 -101,000000 0,000000 0,000000
108 1686493758 1,400000 -1,000000 -101,000000 0,000000 0,000000
108 1686493759 1,400000 -1,000000 -101,000000 0,000000 0,000000
108 1686493760 1,400000 -1,000000 -101,000000 0,000000 0,000000
108 1686493761 2,800000 -1,000000 -101,000000 0,000000 0,000000
108 1686493762 2,800000 -1,000000 -101,000000 0,000000 0,000000
108 1686493763 2,800000 -1,000000 -101,000000 0,000000 0,000000
108 1686493764 2,800000 -1,000000 -101,000000 0,000000 0,000000
108 1686493765 2,800000 -1,000000 -101,000000 0,000000 0,000000
108 1686493766 2,400000 -1,000000 -101,000000 0,000000 0,000000
108 1686493767 2,400000 -1,000000 -101,000000 0,000000 0,000000
108 1686493768 2,400000 -1,000000 -101,000000 0,000000 0,000000
108 1686493769 2,400000 -1,000000 -101,000000 0,000000 0,000000
108 1686493770 2,400000 -1,000000 -101,000000 0,000000 0,000000
108 1686493771 1,800000 -1,000000 -101,000000 0,000000 0,000000
108 1686493772 1,800000 -1,000000 -101,000000 0,000000 0,000000
108 1686493773 1,800000 -1,000000 -101,000000 0,000000 0,000000
181 1686493345 0,200000 -1,000000 0,200000 0,200000 0,016000
181 1686493344 0,200000 -1,000000 0,200000 0,200000 0,016000
181 1686493343 0,200000 -1,000000 0,200000 0,200000 0,016000
181 1686493342 0,200000 -1,000000 0,200000 0,200000 0,016000
181 1686493341 0,200000 -1,000000 0,200000 0,200000 0,016000
108 1686493835 6,200000 -1,000000 6,200000 6,200000 15,376000
108 1686493834 6,200000 -1,000000 6,200000 6,200000 15,376000
108 1686493833 6,200000 -1,000000 6,200000 6,200000 15,376000
108 1686493832 6,200000 -1,000000 6,200000 6,200000 15,376000
108 1686493831 6,200000 -1,000000 6,200000 6,200000 15,376000
108 1686493830 1,800000 -1,000000 1,800000 1,800000 1,296000
108 1686493829 1,800000 -1,000000 1,800000 1,800000 1,296000
108 1686493828 1,800000 -1,000000 1,800000 1,800000 1,296000
108 1686493827 1,800000 -1,000000 1,800000 1,800000 1,296000
108 1686493826 1,800000 -1,000000 1,800000 1,800000 1,296000
108 1686493825 0,200000 -1,000000 0,200000 0,200000 0,016000
108 1686493824 0,200000 -1,000000 0,200000 0,200000 0,016000
108 1686493823 0,200000 -1,000000 0,200000 0,200000 0,016000
108 1686493822 0,200000 -1,000000 0,200000 0,200000 0,016000
108 1686493821 0,200000 -1,000000 0,200000 0,200000 0,016000
108 1686493820 2,800000 -1,000000 2,800000 2,800000 3,136000
108 1686493819 2,800000 -1,000000 2,800000 2,800000 3,136000
108 1686493818 2,800000 -1,000000 2,800000 2,800000 3,136000
108 1686493817 2,800000 -1,000000 2,800000 2,800000 3,136000
108 1686493816 2,800000 -1,000000 2,800000 2,800000 3,136000
108 1686493815 4,200000 -1,000000 4,200000 4,200000 7,056000
108 1686493814 4,200000 -1,000000 4,200000 4,200000 7,056000
108 1686493813 4,200000 -1,000000 4,200000 4,200000 7,056000
108 1686493812 4,200000 -1,000000 4,200000 4,200000 7,056000
108 1686493811 4,200000 -1,000000 4,200000 4,200000 7,056000
108 1686493810 3,200000 -1,000000 3,200000 3,200000 4,096000
108 1686493809 3,200000 -1,000000 3,200000 3,200000 4,096000
108 1686493808 3,200000 -1,000000 3,200000 3,200000 4,096000
108 1686493807 3,200000 -1,000000 3,200000 3,200000 4,096000
108 1686493806 3,200000 -1,000000 3,200000 3,200000 4,096000
108 1686493805 3,200000 -1,000000 3,200000 3,200000 4,096000
108 1686493804 3,200000 -1,000000 3,200000 3,200000 4,096000
108 1686493803 3,200000 -1,000000 3,200000 3,200000 4,096000
108 1686493802 3,200000 -1,000000 3,200000 3,200000 4,096000
108 1686493801 3,200000 -1,000000 3,200000 3,200000 4,096000
108 1686493800 4,600000 -1,000000 4,600000 4,600000 8,464000
108 1686493799 4,600000 -1,000000 4,600000 4,600000 8,464000
108 1686493798 4,600000 -1,000000 4,600000 4,600000 8,464000
108 1686493797 4,600000 -1,000000 4,600000 4,600000 8,464000
108 1686493796 4,600000 -1,000000 4,600000 4,600000 8,464000
108 1686493795 4,600000 -1,000000 4,600000 4,600000 8,464000
108 1686493794 4,600000 -1,000000 4,600000 4,600000 8,464000
108 1686493793 4,600000 -1,000000 4,600000 4,600000 8,464000
108 1686493792 4,600000 -1,000000 4,600000 4,600000 8,464000
108 1686493791 4,600000 -1,000000 4,600000 4,600000 8,464000
108 1686493790 2,800000 -1,000000 2,800000 2,800000 3,136000
108 1686493789 2,800000 -1,000000 2,800000 2,800000 3,136000
108 1686493788 2,800000 -1,000000 2,800000 2,800000 3,136000
108 1686493787 2,800000 -1,000000 2,800000 2,800000 3,136000
108 1686493786 2,800000 -1,000000 2,800000 2,800000 3,136000
108 1686493785 3,000000 -1,000000 3,000000 3,000000 3,600000
108 1686493784 3,000000 -1,000000 3,000000 3,000000 3,600000
108 1686493783 3,000000 -1,000000 3,000000 3,000000 3,600000
108 1686493782 3,000000 -1,000000 3,000000 3,000000 3,600000
108 1686493781 3,000000 -1,000000 3,000000 3,000000 3,600000
108 1686493780 7,800000 -1,000000 7,800000 7,800000 24,336000
108 1686493779 7,800000 -1,000000 7,800000 7,800000 24,336000
108 1686493778 7,800000 -1,000000 7,800000 7,800000 24,336000
108 1686493777 7,800000 -1,000000 7,800000 7,800000 24,336000
108 1686493776 7,800000 -1,000000 7,800000 7,800000 24,336000
108 1686493775 1,800000 -1,000000 1,800000 1,800000 1,296000
108 1686493774 1,800000 -1,000000 1,800000 1,800000 1,296000
108 1686493774 1,800000 -1,000000 -101,000000 0,000000 0,000000
108 1686493775 1,800000 -1,000000 -101,000000 0,000000 0,000000
108 1686493776 7,800000 -1,000000 -101,000000 0,000000 0,000000
108 1686493777 7,800000 -1,000000 -101,000000 0,000000 0,000000
108 1686493778 7,800000 -1,000000 -101,000000 0,000000 0,000000
108 1686493779 7,800000 -1,000000 -101,000000 0,000000 0,000000
108 1686493780 7,800000 -1,000000 -101,000000 0,000000 0,000000
108 1686493781 3,000000 -1,000000 -101,000000 0,000000 0,000000
108 1686493782 3,000000 -1,000000 -101,000000 0,000000 0,000000
108 1686493783 3,000000 -1,000000 -101,000000 0,000000 0,000000
108 1686493784 3,000000 -1,000000 -101,000000 0,000000 0,000000
108 1686493785 3,000000 -1,000000 -101,000000 0,000000 0,000000
108 1686493786 2,800000 -1,000000 -101,000000 0,000000 0,000000
108 1686493787 2,800000 -1,000000 -101,000000 0,000000 0,000000
108 1686493788 2,800000 -1,000000 -101,000000 0,000000 0,000000
108 1686493789 2,800000 -1,000000 -101,000000 0,000000 0,000000
108 1686493790 2,800000 -1,000000 -101,000000 0,000000 0,000000
108 1686493791 4,600000 -1,000000 -101,000000 0,000000 0,000000
108 1686493792 4,600000 -1,000000 -101,000000 0,000000 0,000000
108 1686493793 4,600000 -1,000000 -101,000000 0,000000 0,000000
108 1686493794 4,600000 -1,000000 -101,000000 0,000000 0,000000
108 1686493795 4,600000 -1,000000 -101,000000 0,000000 0,000000
108 1686493796 4,600000 -1,000000 -101,000000 0,000000 0,000000
108 1686493797 4,600000 -1,000000 -101,000000 0,000000 0,000000
108 1686493798 4,600000 -1,000000 -101,000000 0,000000 0,000000
108 1686493799 4,600000 -1,000000 -101,000000 0,000000 0,000000
108 1686493800 4,600000 -1,000000 -101,000000 0,000000 0,000000
108 1686493801 3,200000 -1,000000 -101,000000 0,000000 0,000000
108 1686493802 3,200000 -1,000000 -101,000000 0,000000 0,000000
108 1686493803 3,200000 -1,000000 -101,000000 0,000000 0,000000
108 1686493804 3,200000 -1,000000 -101,000000 0,000000 0,000000
108 1686493805 3,200000 -1,000000 -101,000000 0,000000 0,000000
108 1686493806 3,200000 -1,000000 -101,000000 0,000000 0,000000
108 1686493807 3,200000 -1,000000 -101,000000 0,000000 0,000000
108 1686493808 3,200000 -1,000000 -101,000000 0,000000 0,000000
108 1686493809 3,200000 -1,000000 -101,000000 0,000000 0,000000
108 1686493810 3,200000 -1,000000 -101,000000 0,000000 0,000000
108 1686493811 4,200000 -1,000000 -101,000000 0,000000 0,000000
108 1686493812 4,200000 -1,000000 -101,000000 0,000000 0,000000
108 1686493813 4,200000 -1,000000 -101,000000 0,000000 0,000000
108 1686493814 4,200000 -1,000000 -101,000000 0,000000 0,000000
108 1686493815 4,200000 -1,000000 -101,000000 0,000000 0,000000
108 1686493816 2,800000 -1,000000 -101,000000 0,000000 0,000000
108 1686493817 2,800000 -1,000000 -101,000000 0,000000 0,000000
108 1686493818 2,800000 -1,000000 -101,000000 0,000000 0,000000
108 1686493819 2,800000 -1,000000 -101,000000 0,000000 0,000000
108 1686493820 2,800000 -1,000000 -101,000000 0,000000 0,000000
108 1686493821 0,200000 -1,000000 -101,000000 0,000000 0,000000
108 1686493822 0,200000 -1,000000 -101,000000 0,000000 0,000000
108 1686493823 0,200000 -1,000000 -101,000000 0,000000 0,000000
108 1686493824 0,200000 -1,000000 -101,000000 0,000000 0,000000
108 1686493825 0,200000 -1,000000 -101,000000 0,000000 0,000000
108 1686493826 1,800000 -1,000000 -101,000000 0,000000 0,000000
108 1686493827 1,800000 -1,000000 -101,000000 0,000000 0,000000
108 1686493828 1,800000 -1,000000 -101,000000 0,000000 0,000000
108 1686493829 1,800000 -1,000000 -101,000000 0,000000 0,000000
108 1686493830 1,800000 -1,000000 -101,000000 0,000000 0,000000
108 1686493831 6,200000 -1,000000 -101,000000 0,000000 0,000000
108 1686493832 6,200000 -1,000000 -101,000000 0,000000 0,000000
108 1686493833 6,200000 -1,000000 -101,000000 0,000000 0,000000
108 1686493834 6,200000 -1,000000 -101,000000 0,000000 0,000000
108 1686493835 6,200000 -1,000000 -101,000000 0,000000 0,000000
108 1686493836 3,400000 -1,000000 -101,000000 0,000000 0,000000
108 1686493837 3,400000 -1,000000 -101,000000 0,000000 0,000000
108 1686493838 3,400000 -1,000000 -101,000000 0,000000 0,000000
108 1686493839 3,400000 -1,000000 -101,000000 0,000000 0,000000
108 1686493840 3,400000 -1,000000 -101,000000 0,000000 0,000000
108 1686493841 2,000000 -1,000000 -101,000000 0,000000 0,000000
108 1686493842 2,000000 -1,000000 -101,000000 0,000000 0,000000
108 1686493843 2,000000 -1,000000 -101,000000 0,000000 0,000000
108 1686493844 2,000000 -1,000000 -101,000000 0,000000 0,000000
108 1686493845 2,000000 -1,000000 -101,000000 0,000000 0,000000
108 1686493846 5,200000 -1,000000 -101,000000 0,000000 0,000000
108 1686493847 5,200000 -1,000000 -101,000000 0,000000 0,000000
108 1686493848 5,200000 -1,000000 -101,000000 0,000000 0,000000
108 1686493849 5,200000 -1,000000 -101,000000 0,000000 0,000000
108 1686493850 5,200000 -1,000000 -101,000000 0,000000 0,000000
108 1686493851 3,000000 -1,000000 -101,000000 0,000000 0,000000
108 1686493852 3,000000 -1,000000 -101,000000 0,000000 0,000000
108 1686493853 3,000000 -1,000000 -101,000000 0,000000 0,000000
108 1686493854 3,000000 -1,000000 -101,000000 0,000000 0,000000
108 1686493855 3,000000 -1,000000 -101,000000 0,000000 0,000000
108 1686493856 7,800000 -1,000000 -101,000000 0,000000 0,000000
108 1686493857 7,800000 -1,000000 -101,000000 0,000000 0,000000
108 1686493858 7,800000 -1,000000 -101,000000 0,000000 0,000000
108 1686493859 7,800000 -1,000000 -101,000000 0,000000 0,000000
108 1686493860 7,800000 -1,000000 -101,000000 0,000000 0,000000
108 1686493861 3,000000 -1,000000 -101,000000 0,000000 0,000000
108 1686493862 3,000000 -1,000000 -101,000000 0,000000 0,000000
108 1686493863 3,000000 -1,000000 -101,000000 0,000000 0,000000
108 1686493864 3,000000 -1,000000 -101,000000 0,000000 0,000000
108 1686493865 3,000000 -1,000000 -101,000000 0,000000 0,000000
108 1686493866 4,800000 -1,000000 -101,000000 0,000000 0,000000
108 1686493867 4,800000 -1,000000 -101,000000 0,000000 0,000000
108 1686493868 4,800000 -1,000000 -101,000000 0,000000 0,000000
108 1686493869 4,800000 -1,000000 -101,000000 0,000000 0,000000
108 1686493870 4,800000 -1,000000 -101,000000 0,000000 0,000000
108 1686493871 10,000000 -1,000000 -101,000000 0,000000 0,000000
108 1686493872 10,000000 -1,000000 -101,000000 0,000000 0,000000
108 1686493873 10,000000 -1,000000 -101,000000 0,000000 0,000000
108 1686493874 10,000000 -1,000000 -101,000000 0,000000 0,000000
108 1686493875 10,000000 -1,000000 -101,000000 0,000000 0,000000
108 1686493876 6,000000 -1,000000 -101,000000 0,000000 0,000000
108 1686493877 6,000000 -1,000000 -101,000000 0,000000 0,000000
108 1686493878 6,000000 -1,000000 -101,000000 0,000000 0,000000
108 1686493879 6,000000 -1,000000 -101,000000 0,000000 0,000000
108 1686493880 6,000000 -1,000000 -101,000000 0,000000 0,000000
108 1686493881 6,400000 -1,000000 -101,000000 0,000000 0,000000
108 1686493882 6,400000 -1,000000 -101,000000 0,000000 0,000000
108 1686493883 6,400000 -1,000000 -101,000000 0,000000 0,000000
108 1686493884 6,400000 -1,000000 -101,000000 0,000000 0,000000
108 1686493885 6,400000 -1,000000 -101,000000 0,000000 0,000000
108 1686493886 6,200000 -1,000000 -101,000000 0,000000 0,000000
108 1686493887 6,200000 -1,000000 -101,000000 0,000000 0,000000
108 1686493888 6,200000 -1,000000 -101,000000 0,000000 0,000000
108 1686493889 6,200000 -1,000000 -101,000000 0,000000 0,000000
108 1686493890 6,200000 -1,000000 -101,000000 0,000000 0,000000
108 1686493891 2,800000 -1,000000 -101,000000 0,000000 0,000000
108 1686493892 2,800000 -1,000000 -101,000000 0,000000 0,000000
108 1686493893 2,800000 -1,000000 -101,000000 0,000000 0,000000
108 1686493894 2,800000 -1,000000 -101,000000 0,000000 0,000000
108 1686493895 2,800000 -1,000000 -101,000000 0,000000 0,000000
108 1686493896 3,600000 -1,000000 -101,000000 0,000000 0,000000
108 1686493897 3,600000 -1,000000 -101,000000 0,000000 0,000000
108 1686493898 3,600000 -1,000000 -101,000000 0,000000 0,000000
108 1686493899 3,600000 -1,000000 -101,000000 0,000000 0,000000
108 1686493900 3,600000 -1,000000 -101,000000 0,000000 0,000000
108 1686493901 0,200000 -1,000000 -101,000000 0,000000 0,000000
108 1686493902 0,200000 -1,000000 -101,000000 0,000000 0,000000
108 1686493903 0,200000 -1,000000 -101,000000 0,000000 0,000000
108 1686493904 0,200000 -1,000000 -101,000000 0,000000 0,000000
108 1686493905 0,200000 -1,000000 -101,000000 0,000000 0,000000
108 1686493906 1,800000 -1,000000 -101,000000 0,000000 0,000000
108 1686493907 1,800000 -1,000000 -101,000000 0,000000 0,000000
108 1686493908 1,800000 -1,000000 -101,000000 0,000000 0,000000
108 1686493909 1,800000 -1,000000 -101,000000 0,000000 0,000000
108 1686493910 1,800000 -1,000000 -101,000000 0,000000 0,000000
108 1686493911 3,800000 -1,000000 -101,000000 0,000000 0,000000
108 1686493912 3,800000 -1,000000 -101,000000 0,000000 0,000000
108 1686493913 3,800000 -1,000000 -101,000000 0,000000 0,000000
108 1686493914 3,800000 -1,000000 -101,000000 0,000000 0,000000
108 1686493915 3,800000 -1,000000 -101,000000 0,000000 0,000000
108 1686493916 3,200000 -1,000000 -101,000000 0,000000 0,000000
108 1686493917 3,200000 -1,000000 -101,000000 0,000000 0,000000
108 1686493918 3,200000 -1,000000 -101,000000 0,000000 0,000000
108 1686493919 3,200000 -1,000000 -101,000000 0,000000 0,000000
108 1686493920 3,200000 -1,000000 -101,000000 0,000000 0,000000
108 1686493921 4,400000 -1,000000 -101,000000 0,000000 0,000000
108 1686493922 4,400000 -1,000000 -101,000000 0,000000 0,000000
108 1686493923 4,400000 -1,000000 -101,000000 0,000000 0,000000
108 1686493924 4,400000 -1,000000 -101,000000 0,000000 0,000000
108 1686493925 4,400000 -1,000000 -101,000000 0,000000 0,000000
108 1686493926 3,200000 -1,000000 -101,000000 0,000000 0,000000
108 1686493927 3,200000 -1,000000 -101,000000 0,000000 0,000000
108 1686493928 3,200000 -1,000000 -101,000000 0,000000 0,000000
108 1686493929 3,200000 -1,000000 -101,000000 0,000000 0,000000
108 1686493930 3,200000 -1,000000 -101,000000 0,000000 0,000000
108 1686493931 2,200000 -1,000000 -101,000000 0,000000 0,000000
108 1686493932 2,200000 -1,000000 -101,000000 0,000000 0,000000
108 1686493933 2,200000 -1,000000 -101,000000 0,000000 0,000000
108 1686493934 2,200000 -1,000000 -101,000000 0,000000 0,000000
108 1686493935 2,200000 -1,000000 -101,000000 0,000000 0,000000
108 1686493936 2,800000 -1,000000 -101,000000 0,000000 0,000000
108 1686493937 2,800000 -1,000000 -101,000000 0,000000 0,000000
108 1686493938 2,800000 -1,000000 -101,000000 0,000000 0,000000
108 1686493939 2,800000 -1,000000 -101,000000 0,000000 0,000000
108 1686493940 2,800000 -1,000000 -101,000000 0,000000 0,000000
108 1686493941 1,800000 -1,000000 -101,000000 0,000000 0,000000
108 1686493942 1,800000 -1,000000 -101,000000 0,000000 0,000000
108 1686493943 1,800000 -1,000000 -101,000000 0,000000 0,000000
108 1686493944 1,800000 -1,000000 -101,000000 0,000000 0,000000
108 1686493945 1,800000 -1,000000 -101,000000 0,000000 0,000000
108 1686493946 0,800000 -1,000000 -101,000000 0,000000 0,000000
108 1686493947 0,800000 -1,000000 -101,000000 0,000000 0,000000
108 1686493948 0,800000 -1,000000 -101,000000 0,000000 0,000000
108 1686493949 0,800000 -1,000000 -101,000000 0,000000 0,000000
108 1686493950 0,800000 -1,000000 -101,000000 0,000000 0,000000
108 1686493951 5,000000 -1,000000 -101,000000 0,000000 0,000000
108 1686493952 5,000000 -1,000000 -101,000000 0,000000 0,000000
108 1686493953 5,000000 -1,000000 -101,000000 0,000000 0,000000
108 1686493954 5,000000 -1,000000 -101,000000 0,000000 0,000000
108 1686493955 5,000000 -1,000000 -101,000000 0,000000 0,000000
108 1686493956 4,600000 -1,000000 -101,000000 0,000000 0,000000
108 1686493957 4,600000 -1,000000 -101,000000 0,000000 0,000000
108 1686493958 4,600000 -1,000000 -101,000000 0,000000 0,000000
108 1686493959 4,600000 -1,000000 -101,000000 0,000000 0,000000
108 1686493960 4,600000 -1,000000 -101,000000 0,000000 0,000000
108 1686493961 2,400000 -1,000000 -101,000000 0,000000 0,000000
108 1686493962 2,400000 -1,000000 -101,000000 0,000000 0,000000
108 1686493963 2,400000 -1,000000 -101,000000 0,000000 0,000000
108 1686493964 2,400000 -1,000000 -101,000000 0,000000 0,000000
108 1686493965 2,400000 -1,000000 -101,000000 0,000000 0,000000
108 1686493966 4,200000 -1,000000 -101,000000 0,000000 0,000000
108 1686493967 4,200000 -1,000000 -101,000000 0,000000 0,000000
108 1686493968 4,200000 -1,000000 -101,000000 0,000000 0,000000
108 1686493969 4,200000 -1,000000 -101,000000 0,000000 0,000000
108 1686493970 4,200000 -1,000000 -101,000000 0,000000 0,000000
108 1686493971 4,600000 -1,000000 -101,000000 0,000000 0,000000
108 1686493972 4,600000 -1,000000 -101,000000 0,000000 0,000000
108 1686493973 4,600000 -1,000000 -101,000000 0,000000 0,000000
108 1686493974 4,600000 -1,000000 -101,000000 0,000000 0,000000
108 1686493975 4,600000 -1,000000 -101,000000 0,000000 0,000000
108 1686493976 7,200000 -1,000000 -101,000000 0,000000 0,000000
108 1686493977 7,200000 -1,000000 -101,000000 0,000000 0,000000
108 1686493978 7,200000 -1,000000 -101,000000 0,000000 0,000000
108 1686493979 7,200000 -1,000000 -101,000000 0,000000 0,000000
108 1686493980 7,200000 -1,000000 -101,000000 0,000000 0,000000
108 1686493981 2,600000 -1,000000 -101,000000 0,000000 0,000000
108 1686493982 2,600000 -1,000000 -101,000000 0,000000 0,000000
108 1686493983 2,600000 -1,000000 -101,000000 0,000000 0,000000
108 1686493984 2,600000 -1,000000 -101,000000 0,000000 0,000000
108 1686493985 2,600000 -1,000000 -101,000000 0,000000 0,000000
108 1686493986 1,200000 -1,000000 -101,000000 0,000000 0,000000
108 1686493987 1,200000 -1,000000 -101,000000 0,000000 0,000000
108 1686493988 1,200000 -1,000000 -101,000000 0,000000 0,000000
108 1686493989 1,200000 -1,000000 -101,000000 0,000000 0,000000
108 1686493990 1,200000 -1,000000 -101,000000 0,000000 0,000000
108 1686493991 5,000000 -1,000000 -101,000000 0,000000 0,000000
108 1686493992 5,000000 -1,000000 -101,000000 0,000000 0,000000
108 1686493993 5,000000 -1,000000 -101,000000 0,000000 0,000000
108 1686493994 5,000000 -1,000000 -101,000000 0,000000 0,000000
108 1686493995 5,000000 -1,000000 -101,000000 0,000000 0,000000
108 1686493996 1,400000 -1,000000 -101,000000 0,000000 0,000000
108 1686493997 1,400000 -1,000000 -101,000000 0,000000 0,000000
108 1686493998 1,400000 -1,000000 -101,000000 0,000000 0,000000
108 1686493999 1,400000 -1,000000 -101,000000 0,000000 0,000000
108 1686494000 1,400000 -1,000000 -101,000000 0,000000 0,000000
108 1686494001 1,200000 -1,000000 -101,000000 0,000000 0,000000
108 1686494002 1,200000 -1,000000 -101,000000 0,000000 0,000000
108 1686494003 1,200000 -1,000000 -101,000000 0,000000 0,000000
108 1686494004 1,200000 -1,000000 -101,000000 0,000000 0,000000
108 1686494005 1,200000 -1,000000 -101,000000 0,000000 0,000000
108 1686494006 1,800000 -1,000000 -101,000000 0,000000 0,000000
108 1686494007 1,800000 -1,000000 -101,000000 0,000000 0,000000
108 1686494008 1,800000 -1,000000 -101,000000 0,000000 0,000000
108 1686494009 1,800000 -1,000000 -101,000000 0,000000 0,000000
108 1686494010 1,800000 -1,000000 -101,000000 0,000000 0,000000
108 1686494011 4,800000 -1,000000 -101,000000 0,000000 0,000000
108 1686494012 4,800000 -1,000000 -101,000000 0,000000 0,000000
108 1686494013 4,800000 -1,000000 -101,000000 0,000000 0,000000
108 1686494014 4,800000 -1,000000 -101,000000 0,000000 0,000000
108 1686494015 4,800000 -1,000000 -101,000000 0,000000 0,000000
108 1686494016 4,800000 -1,000000 -101,000000 0,000000 0,000000
108 1686494017 4,800000 -1,000000 -101,000000 0,000000 0,000000
108 1686494018 4,800000 -1,000000 -101,000000 0,000000 0,000000
108 1686494019 4,800000 -1,000000 -101,000000 0,000000 0,000000
108 1686494020 4,800000 -1,000000 -101,000000 0,000000 0,000000
108 1686494021 1,800000 -1,000000 -101,000000 0,000000 0,000000
108 1686494022 1,800000 -1,000000 -101,000000 0,000000 0,000000
108 1686494023 1,800000 -1,000000 -101,000000 0,000000 0,000000
108 1686494024 1,800000 -1,000000 -101,000000 0,000000 0,000000
108 1686494025 1,800000 -1,000000 -101,000000 0,000000 0,000000
108 1686494026 2,600000 -1,000000 -101,000000 0,000000 0,000000
108 1686494027 2,600000 -1,000000 -101,000000 0,000000 0,000000
108 1686494028 2,600000 -1,000000 -101,000000 0,000000 0,000000
108 1686494029 2,600000 -1,000000 -101,000000 0,000000 0,000000
108 1686494030 2,600000 -1,000000 -101,000000 0,000000 0,000000
108 1686494031 3,200000 -1,000000 -101,000000 0,000000 0,000000
108 1686494032 3,200000 -1,000000 -101,000000 0,000000 0,000000
108 1686494033 3,200000 -1,000000 -101,000000 0,000000 0,000000
108 1686494034 3,200000 -1,000000 -101,000000 0,000000 0,000000
108 1686494035 3,200000 -1,000000 -101,000000 0,000000 0,000000
108 1686494036 1,400000 -1,000000 -101,000000 0,000000 0,000000
108 1686494037 1,400000 -1,000000 -101,000000 0,000000 0,000000
108 1686494038 1,400000 -1,000000 -101,000000 0,000000 0,000000
108 1686494039 1,400000 -1,000000 -101,000000 0,000000 0,000000
108 1686494040 1,400000 -1,000000 -101,000000 0,000000 0,000000
108 1686494041 4,400000 -1,000000 -101,000000 0,000000 0,000000
108 1686494042 4,400000 -1,000000 -101,000000 0,000000 0,000000
108 1686494043 4,400000 -1,000000 -101,000000 0,000000 0,000000
108 1686494044 4,400000 -1,000000 -101,000000 0,000000 0,000000
108 1686494045 4,400000 -1,000000 -101,000000 0,000000 0,000000
108 1686494046 4,600000 -1,000000 -101,000000 0,000000 0,000000
108 1686494047 4,600000 -1,000000 -101,000000 0,000000 0,000000
108 1686494048 4,600000 -1,000000 -101,000000 0,000000 0,000000
108 1686494049 4,600000 -1,000000 -101,000000 0,000000 0,000000
108 1686494050 4,600000 -1,000000 -101,000000 0,000000 0,000000
108 1686494051 6,200000 -1,000000 -101,000000 0,000000 0,000000
108 1686494052 6,200000 -1,000000 -101,000000 0,000000 0,000000
108 1686494053 6,200000 -1,000000 -101,000000 0,000000 0,000000
108 1686494054 6,200000 -1,000000 -101,000000 0,000000 0,000000
108 1686494055 6,200000 -1,000000 -101,000000 0,000000 0,000000
108 1686494056 7,400000 -1,000000 -101,000000 0,000000 0,000000
108 1686494057 7,400000 -1,000000 -101,000000 0,000000 0,000000
108 1686494058 7,400000 -1,000000 -101,000000 0,000000 0,000000
108 1686494059 7,400000 -1,000000 -101,000000 0,000000 0,000000
108 1686494060 7,400000 -1,000000 -101,000000 0,000000 0,000000
108 1686494061 4,800000 -1,000000 -101,000000 0,000000 0,000000
108 1686494062 4,800000 -1,000000 -101,000000 0,000000 0,000000
108 1686494063 4,800000 -1,000000 -101,000000 0,000000 0,000000
108 1686494064 4,800000 -1,000000 -101,000000 0,000000 0,000000
108 1686494065 4,800000 -1,000000 -101,000000 0,000000 0,000000
108 1686494066 6,400000 -1,000000 -101,000000 0,000000 0,000000
108 1686494067 6,400000 -1,000000 -101,000000 0,000000 0,000000
108 1686494068 6,400000 -1,000000 -101,000000 0,000000 0,000000
108 1686494069 6,400000 -1,000000 -101,000000 0,000000 0,000000
108 1686494070 6,400000 -1,000000 -101,000000 0,000000 0,000000
108 1686494071 5,400000 -1,000000 -101,000000 0,000000 0,000000
108 1686494072 5,400000 -1,000000 -101,000000 0,000000 0,000000
108 1686494073 5,400000 -1,000000 -101,000000 0,000000 0,000000
108 1686494074 5,400000 -1,000000 -101,000000 0,000000 0,000000
108 1686494075 5,400000 -1,000000 -101,000000 0,000000 0,000000
108 1686494076 2,000000 -1,000000 -101,000000 0,000000 0,000000
108 1686494077 2,000000 -1,000000 -101,000000 0,000000 0,000000
108 1686494078 2,000000 -1,000000 -101,000000 0,000000 0,000000
108 1686494079 2,000000 -1,000000 -101,000000 0,000000 0,000000
108 1686494080 2,000000 -1,000000 -101,000000 0,000000 0,000000
108 1686494081 1,200000 -1,000000 -101,000000 0,000000 0,000000
108 1686494082 1,200000 -1,000000 -101,000000 0,000000 0,000000
108 1686494083 1,200000 -1,000000 -101,000000 0,000000 0,000000
108 1686494084 1,200000 -1,000000 -101,000000 0,000000 0,000000
108 1686494085 1,200000 -1,000000 -101,000000 0,000000 0,000000
108 1686494086 3,400000 -1,000000 -101,000000 0,000000 0,000000
108 1686494087 3,400000 -1,000000 -101,000000 0,000000 0,000000
108 1686494088 3,400000 -1,000000 -101,000000 0,000000 0,000000
108 1686494089 3,400000 -1,000000 -101,000000 0,000000 0,000000
108 1686494090 3,400000 -1,000000 -101,000000 0,000000 0,000000
108 1686494091 2,200000 -1,000000 -101,000000 0,000000 0,000000
108 1686494092 2,200000 -1,000000 -101,000000 0,000000 0,000000
108 1686494093 2,200000 -1,000000 -101,000000 0,000000 0,000000
108 1686494094 2,200000 -1,000000 -101,000000 0,000000 0,000000
108 1686494095 2,200000 -1,000000 -101,000000 0,000000 0,000000
108 1686494096 3,000000 -1,000000 -101,000000 0,000000 0,000000
108 1686494097 3,000000 -1,000000 -101,000000 0,000000 0,000000
108 1686494098 3,000000 -1,000000 -101,000000 0,000000 0,000000
108 1686494099 3,000000 -1,000000 -101,000000 0,000000 0,000000
108 1686494100 3,000000 -1,000000 -101,000000 0,000000 0,000000
108 1686494101 2,000000 -1,000000 -101,000000 0,000000 0,000000
108 1686494102 2,000000 -1,000000 -101,000000 0,000000 0,000000
108 1686494103 2,000000 -1,000000 -101,000000 0,000000 0,000000
108 1686494104 2,000000 -1,000000 -101,000000 0,000000 0,000000
108 1686494105 2,000000 -1,000000 -101,000000 0,000000 0,000000
108 1686494106 1,800000 -1,000000 -101,000000 0,000000 0,000000
108 1686494107 1,800000 -1,000000 -101,000000 0,000000 0,000000
108 1686494108 1,800000 -1,000000 -101,000000 0,000000 0,000000
108 1686494109 1,800000 -1,000000 -101,000000 0,000000 0,000000
108 1686494110 1,800000 -1,000000 -101,000000 0,000000 0,000000
108 1686494111 4,600000 -1,000000 -101,000000 0,000000 0,000000
108 1686494112 4,600000 -1,000000 -101,000000 0,000000 0,000000
108 1686494113 4,600000 -1,000000 -101,000000 0,000000 0,000000
108 1686494114 4,600000 -1,000000 -101,000000 0,000000 0,000000
108 1686494115 4,600000 -1,000000 -101,000000 0,000000 0,000000
108 1686494116 2,800000 -1,000000 -101,000000 0,000000 0,000000
108 1686494117 2,800000 -1,000000 -101,000000 0,000000 0,000000
108 1686494118 2,800000 -1,000000 -101,000000 0,000000 0,000000
108 1686494119 2,800000 -1,000000 -101,000000 0,000000 0,000000
108 1686494120 2,800000 -1,000000 -101,000000 0,000000 0,000000
108 1686494121 3,400000 -1,000000 -101,000000 0,000000 0,000000
108 1686494122 3,400000 -1,000000 -101,000000 0,000000 0,000000
108 1686494123 3,400000 -1,000000 -101,000000 0,000000 0,000000
108 1686494124 3,400000 -1,000000 -101,000000 0,000000 0,000000
108 1686494125 3,400000 -1,000000 -101,000000 0,000000 0,000000
108 1686494126 4,000000 -1,000000 -101,000000 0,000000 0,000000
108 1686494127 4,000000 -1,000000 -101,000000 0,000000 0,000000
108 1686494128 4,000000 -1,000000 -101,000000 0,000000 0,000000
108 1686494129 4,000000 -1,000000 -101,000000 0,000000 0,000000
108 1686494130 4,000000 -1,000000 -101,000000 0,000000 0,000000
108 1686494131 3,200000 -1,000000 -101,000000 0,000000 0,000000
108 1686494132 3,200000 -1,000000 -101,000000 0,000000 0,000000
108 1686494133 3,200000 -1,000000 -101,000000 0,000000 0,000000
108 1686494134 3,200000 -1,000000 -101,000000 0,000000 0,000000
108 1686494135 3,200000 -1,000000 -101,000000 0,000000 0,000000
108 1686494136 5,800000 -1,000000 -101,000000 0,000000 0,000000
108 1686494137 5,800000 -1,000000 -101,000000 0,000000 0,000000
108 1686494138 5,800000 -1,000000 -101,000000 0,000000 0,000000
108 1686494139 5,800000 -1,000000 -101,000000 0,000000 0,000000
108 1686494140 5,800000 -1,000000 -101,000000 0,000000 0,000000
108 1686494141 1,000000 -1,000000 -101,000000 0,000000 0,000000
108 1686494142 1,000000 -1,000000 -101,000000 0,000000 0,000000
108 1686494143 1,000000 -1,000000 -101,000000 0,000000 0,000000
108 1686494144 1,000000 -1,000000 -101,000000 0,000000 0,000000
108 1686494145 1,000000 -1,000000 -101,000000 0,000000 0,000000
108 1686494146 1,800000 -1,000000 -101,000000 0,000000 0,000000
108 1686494147 1,800000 -1,000000 -101,000000 0,000000 0,000000
108 1686494148 1,800000 -1,000000 -101,000000 0,000000 0,000000
108 1686494149 1,800000 -1,000000 -101,000000 0,000000 0,000000
108 1686494150 1,800000 -1,000000 -101,000000 0,000000 0,000000
108 1686494151 6,200000 -1,000000 -101,000000 0,000000 0,000000
108 1686494152 6,200000 -1,000000 -101,000000 0,000000 0,000000
108 1686494153 6,200000 -1,000000 -101,000000 0,000000 0,000000
108 1686494154 6,200000 -1,000000 -101,000000 0,000000 0,000000
108 1686494155 6,200000 -1,000000 -101,000000 0,000000 0,000000
108 1686494156 7,200000 -1,000000 -101,000000 0,000000 0,000000
108 1686494157 7,200000 -1,000000 -101,000000 0,000000 0,000000
108 1686494158 7,200000 -1,000000 -101,000000 0,000000 0,000000
108 1686494159 7,200000 -1,000000 -101,000000 0,000000 0,000000
108 1686494160 7,200000 -1,000000 -101,000000 0,000000 0,000000
108 1686494161 5,400000 -1,000000 -101,000000 0,000000 0,000000
108 1686494162 5,400000 -1,000000 -101,000000 0,000000 0,000000
108 1686494163 5,400000 -1,000000 -101,000000 0,000000 0,000000
108 1686494164 5,400000 -1,000000 -101,000000 0,000000 0,000000
108 1686494165 5,400000 -1,000000 -101,000000 0,000000 0,000000
108 1686494166 3,400000 -1,000000 -101,000000 0,000000 0,000000
108 1686494167 3,400000 -1,000000 -101,000000 0,000000 0,000000
108 1686494168 3,400000 -1,000000 -101,000000 0,000000 0,000000
108 1686494169 3,400000 -1,000000 -101,000000 0,000000 0,000000
108 1686494170 3,400000 -1,000000 -101,000000 0,000000 0,000000
108 1686494171 6,000000 -1,000000 -101,000000 0,000000 0,000000
108 1686494172 6,000000 -1,000000 -101,000000 0,000000 0,000000
108 1686494173 6,000000 -1,000000 -101,000000 0,000000 0,000000
108 1686494174 6,000000 -1,000000 -101,000000 0,000000 0,000000
108 1686494175 6,000000 -1,000000 -101,000000 0,000000 0,000000
108 1686494176 4,200000 -1,000000 -101,000000 0,000000 0,000000
108 1686494177 4,200000 -1,000000 -101,000000 0,000000 0,000000
108 1686494178 4,200000 -1,000000 -101,000000 0,000000 0,000000
108 1686494179 4,200000 -1,000000 -101,000000 0,000000 0,000000
108 1686494180 4,200000 -1,000000 -101,000000 0,000000 0,000000
108 1686494181 1,400000 -1,000000 -101,000000 0,000000 0,000000
108 1686494182 1,400000 -1,000000 -101,000000 0,000000 0,000000
108 1686494183 1,400000 -1,000000 -101,000000 0,000000 0,000000
108 1686494184 1,400000 -1,000000 -101,000000 0,000000 0,000000
108 1686494185 1,400000 -1,000000 -101,000000 0,000000 0,000000
108 1686494186 0,800000 -1,000000 -101,000000 0,000000 0,000000
108 1686494187 0,800000 -1,000000 -101,000000 0,000000 0,000000
108 1686494188 0,800000 -1,000000 -101,000000 0,000000 0,000000
108 1686494189 0,800000 -1,000000 -101,000000 0,000000 0,000000
108 1686494190 0,800000 -1,000000 -101,000000 0,000000 0,000000
108 1686494191 4,800000 -1,000000 -101,000000 0,000000 0,000000
108 1686494192 4,800000 -1,000000 -101,000000 0,000000 0,000000
108 1686494193 4,800000 -1,000000 -101,000000 0,000000 0,000000
108 1686494194 4,800000 -1,000000 -101,000000 0,000000 0,000000
108 1686494195 4,800000 -1,000000 -101,000000 0,000000 0,000000
108 1686494196 2,000000 -1,000000 -101,000000 0,000000 0,000000
108 1686494197 2,000000 -1,000000 -101,000000 0,000000 0,000000
108 1686494198 2,000000 -1,000000 -101,000000 0,000000 0,000000
108 1686494199 2,000000 -1,000000 -101,000000 0,000000 0,000000
108 1686494200 2,000000 -1,000000 -101,000000 0,000000 0,000000
108 1686494201 3,000000 -1,000000 -101,000000 0,000000 0,000000
108 1686494202 3,000000 -1,000000 -101,000000 0,000000 0,000000
108 1686494203 3,000000 -1,000000 -101,000000 0,000000 0,000000
108 1686494204 3,000000 -1,000000 -101,000000 0,000000 0,000000
108 1686494205 3,000000 -1,000000 -101,000000 0,000000 0,000000
108 1686494206 5,000000 -1,000000 -101,000000 0,000000 0,000000
108 1686494207 5,000000 -1,000000 -101,000000 0,000000 0,000000
108 1686494208 5,000000 -1,000000 -101,000000 0,000000 0,000000
108 1686494209 5,000000 -1,000000 -101,000000 0,000000 0,000000
108 1686494210 5,000000 -1,000000 -101,000000 0,000000 0,000000
108 1686494211 3,000000 -1,000000 -101,000000 0,000000 0,000000
108 1686494212 3,000000 -1,000000 -101,000000 0,000000 0,000000
108 1686494213 3,000000 -1,000000 -101,000000 0,000000 0,000000
108 1686494214 3,000000 -1,000000 -101,000000 0,000000 0,000000
108 1686494215 3,000000 -1,000000 -101,000000 0,000000 0,000000
108 1686494216 5,000000 -1,000000 -101,000000 0,000000 0,000000
108 1686494217 5,000000 -1,000000 -101,000000 0,000000 0,000000
108 1686494218 5,000000 -1,000000 -101,000000 0,000000 0,000000
108 1686494219 5,000000 -1,000000 -101,000000 0,000000 0,000000
108 1686494220 5,000000 -1,000000 -101,000000 0,000000 0,000000
108 1686494221 1,600000 -1,000000 -101,000000 0,000000 0,000000
108 1686494222 1,600000 -1,000000 -101,000000 0,000000 0,000000
108 1686494223 1,600000 -1,000000 -101,000000 0,000000 0,000000
108 1686494224 1,600000 -1,000000 -101,000000 0,000000 0,000000
108 1686494225 1,600000 -1,000000 -101,000000 0,000000 0,000000
108 1686494226 1,400000 -1,000000 -101,000000 0,000000 0,000000
108 1686494227 1,400000 -1,000000 -101,000000 0,000000 0,000000
108 1686494228 1,400000 -1,000000 -101,000000 0,000000 0,000000
108 1686494229 1,400000 -1,000000 -101,000000 0,000000 0,000000
108 1686494230 1,400000 -1,000000 -101,000000 0,000000 0,000000
108 1686494231 5,600000 -1,000000 -101,000000 0,000000 0,000000
108 1686494232 5,600000 -1,000000 -101,000000 0,000000 0,000000
108 1686494233 5,600000 -1,000000 -101,000000 0,000000 0,000000
108 1686494234 5,600000 -1,000000 -101,000000 0,000000 0,000000
108 1686494235 5,600000 -1,000000 -101,000000 0,000000 0,000000
108 1686494236 3,600000 -1,000000 -101,000000 0,000000 0,000000
108 1686494237 3,600000 -1,000000 -101,000000 0,000000 0,000000
108 1686494238 3,600000 -1,000000 -101,000000 0,000000 0,000000
108 1686494239 3,600000 -1,000000 -101,000000 0,000000 0,000000
108 1686494240 3,600000 -1,000000 -101,000000 0,000000 0,000000
108 1686494241 4,400000 -1,000000 -101,000000 0,000000 0,000000
108 1686494242 4,400000 -1,000000 -101,000000 0,000000 0,000000
108 1686494243 4,400000 -1,000000 -101,000000 0,000000 0,000000
108 1686494244 4,400000 -1,000000 -101,000000 0,000000 0,000000
108 1686494245 4,400000 -1,000000 -101,000000 0,000000 0,000000
108 1686494246 7,800000 -1,000000 -101,000000 0,000000 0,000000
108 1686494247 7,800000 -1,000000 -101,000000 0,000000 0,000000
108 1686494248 7,800000 -1,000000 -101,000000 0,000000 0,000000
108 1686494249 7,800000 -1,000000 -101,000000 0,000000 0,000000
108 1686494250 7,800000 -1,000000 -101,000000 0,000000 0,000000
108 1686494251 7,200000 -1,000000 -101,000000 0,000000 0,000000
108 1686494252 7,200000 -1,000000 -101,000000 0,000000 0,000000
108 1686494253 7,200000 -1,000000 -101,000000 0,000000 0,000000
108 1686494254 7,200000 -1,000000 -101,000000 0,000000 0,000000
108 1686494255 7,200000 -1,000000 -101,000000 0,000000 0,000000
108 1686494256 5,600000 -1,000000 -101,000000 0,000000 0,000000
108 1686494257 5,600000 -1,000000 -101,000000 0,000000 0,000000
108 1686494258 5,600000 -1,000000 -101,000000 0,000000 0,000000
108 1686494259 5,600000 -1,000000 -101,000000 0,000000 0,000000
108 1686494260 5,600000 -1,000000 -101,000000 0,000000 0,000000
108 1686494261 2,600000 -1,000000 -101,000000 0,000000 0,000000
108 1686494262 2,600000 -1,000000 -101,000000 0,000000 0,000000
108 1686494263 2,600000 -1,000000 -101,000000 0,000000 0,000000
108 1686494264 2,600000 -1,000000 -101,000000 0,000000 0,000000
108 1686494265 2,600000 -1,000000 -101,000000 0,000000 0,000000
108 1686494266 1,800000 -1,000000 -101,000000 0,000000 0,000000
108 1686494267 1,800000 -1,000000 -101,000000 0,000000 0,000000
108 1686494268 1,800000 -1,000000 -101,000000 0,000000 0,000000
108 1686494269 1,800000 -1,000000 -101,000000 0,000000 0,000000
108 1686494270 1,800000 -1,000000 -101,000000 0,000000 0,000000
108 1686494271 3,800000 -1,000000 -101,000000 0,000000 0,000000
108 1686494272 3,800000 -1,000000 -101,000000 0,000000 0,000000
108 1686494273 3,800000 -1,000000 -101,000000 0,000000 0,000000
108 1686494274 3,800000 -1,000000 -101,000000 0,000000 0,000000
108 1686494275 3,800000 -1,000000 -101,000000 0,000000 0,000000
108 1686494276 1,600000 -1,000000 -101,000000 0,000000 0,000000
108 1686494277 1,600000 -1,000000 -101,000000 0,000000 0,000000
108 1686494278 1,600000 -1,000000 -101,000000 0,000000 0,000000
108 1686494279 1,600000 -1,000000 -101,000000 0,000000 0,000000
108 1686494280 1,600000 -1,000000 -101,000000 0,000000 0,000000
108 1686494281 3,000000 -1,000000 -101,000000 0,000000 0,000000
108 1686494282 3,000000 -1,000000 -101,000000 0,000000 0,000000
108 1686494283 3,000000 -1,000000 -101,000000 0,000000 0,000000
108 1686494284 3,000000 -1,000000 -101,000000 0,000000 0,000000
108 1686494285 3,000000 -1,000000 -101,000000 0,000000 0,000000
108 1686494286 1,800000 -1,000000 -101,000000 0,000000 0,000000
108 1686494287 1,800000 -1,000000 -101,000000 0,000000 0,000000
108 1686494288 1,800000 -1,000000 -101,000000 0,000000 0,000000
108 1686494289 1,800000 -1,000000 -101,000000 0,000000 0,000000
108 1686494290 1,800000 -1,000000 -101,000000 0,000000 0,000000
108 1686494291 1,600000 -1,000000 -101,000000 0,000000 0,000000
108 1686494292 1,600000 -1,000000 -101,000000 0,000000 0,000000
108 1686494293 1,600000 -1,000000 -101,000000 0,000000 0,000000
108 1686494294 1,600000 -1,000000 -101,000000 0,000000 0,000000
108 1686494295 1,600000 -1,000000 -101,000000 0,000000 0,000000
108 1686494296 4,400000 -1,000000 -101,000000 0,000000 0,000000
108 1686494297 4,400000 -1,000000 -101,000000 0,000000 0,000000
108 1686494298 4,400000 -1,000000 -101,000000 0,000000 0,000000
108 1686494299 4,400000 -1,000000 -101,000000 0,000000 0,000000
108 1686494300 4,400000 -1,000000 -101,000000 0,000000 0,000000
108 1686494301 3,200000 -1,000000 -101,000000 0,000000 0,000000
108 1686494302 3,200000 -1,000000 -101,000000 0,000000 0,000000
108 1686494303 3,200000 -1,000000 -101,000000 0,000000 0,000000
108 1686494304 3,200000 -1,000000 -101,000000 0,000000 0,000000
108 1686494305 3,200000 -1,000000 -101,000000 0,000000 0,000000
108 1686494306 3,800000 -1,000000 -101,000000 0,000000 0,000000
108 1686494307 3,800000 -1,000000 -101,000000 0,000000 0,000000
108 1686494308 3,800000 -1,000000 -101,000000 0,000000 0,000000
108 1686494309 3,800000 -1,000000 -101,000000 0,000000 0,000000
108 1686494310 3,800000 -1,000000 -101,000000 0,000000 0,000000
108 1686494311 5,400000 -1,000000 -101,000000 0,000000 0,000000
108 1686494312 5,400000 -1,000000 -101,000000 0,000000 0,000000
108 1686494313 5,400000 -1,000000 -101,000000 0,000000 0,000000
108 1686494314 5,400000 -1,000000 -101,000000 0,000000 0,000000
108 1686494315 5,400000 -1,000000 -101,000000 0,000000 0,000000
108 1686494316 4,400000 -1,000000 -101,000000 0,000000 0,000000
108 1686494317 4,400000 -1,000000 -101,000000 0,000000 0,000000
108 1686494318 4,400000 -1,000000 -101,000000 0,000000 0,000000
108 1686494319 4,400000 -1,000000 -101,000000 0,000000 0,000000
108 1686494320 4,400000 -1,000000 -101,000000 0,000000 0,000000
108 1686494321 3,600000 -1,000000 -101,000000 0,000000 0,000000
108 1686494322 3,600000 -1,000000 -101,000000 0,000000 0,000000
108 1686494323 3,600000 -1,000000 -101,000000 0,000000 0,000000
108 1686494324 3,600000 -1,000000 -101,000000 0,000000 0,000000
108 1686494325 3,600000 -1,000000 -101,000000 0,000000 0,000000
108 1686494326 3,200000 -1,000000 -101,000000 0,000000 0,000000
108 1686494327 3,200000 -1,000000 -101,000000 0,000000 0,000000
108 1686494328 3,200000 -1,000000 -101,000000 0,000000 0,000000
108 1686494329 3,200000 -1,000000 -101,000000 0,000000 0,000000
108 1686494330 3,200000 -1,000000 -101,000000 0,000000 0,000000
108 1686494331 2,800000 -1,000000 -101,000000 0,000000 0,000000
108 1686494332 2,800000 -1,000000 -101,000000 0,000000 0,000000
108 1686494333 2,800000 -1,000000 -101,000000 0,000000 0,000000
108 1686494334 2,800000 -1,000000 -101,000000 0,000000 0,000000
108 1686494335 2,800000 -1,000000 -101,000000 0,000000 0,000000
108 1686494336 5,200000 -1,000000 -101,000000 0,000000 0,000000
108 1686494337 5,200000 -1,000000 -101,000000 0,000000 0,000000
108 1686494338 5,200000 -1,000000 -101,000000 0,000000 0,000000
108 1686494339 5,200000 -1,000000 -101,000000 0,000000 0,000000
108 1686494340 5,200000 -1,000000 -101,000000 0,000000 0,000000
108 1686494341 2,400000 -1,000000 -101,000000 0,000000 0,000000
108 1686494342 2,400000 -1,000000 -101,000000 0,000000 0,000000
108 1686494343 2,400000 -1,000000 -101,000000 0,000000 0,000000
108 1686494344 2,400000 -1,000000 -101,000000 0,000000 0,000000
108 1686494345 2,400000 -1,000000 -101,000000 0,000000 0,000000
108 1686494346 1,800000 -1,000000 -101,000000 0,000000 0,000000
108 1686494347 1,800000 -1,000000 -101,000000 0,000000 0,000000
108 1686494348 1,800000 -1,000000 -101,000000 0,000000 0,000000
108 1686494349 1,800000 -1,000000 -101,000000 0,000000 0,000000
108 1686494350 1,800000 -1,000000 -101,000000 0,000000 0,000000
108 1686494351 6,400000 -1,000000 -101,000000 0,000000 0,000000
108 1686494352 6,400000 -1,000000 -101,000000 0,000000 0,000000
108 1686494353 6,400000 -1,000000 -101,000000 0,000000 0,000000
108 1686494354 6,400000 -1,000000 -101,000000 0,000000 0,000000
108 1686494355 6,400000 -1,000000 -101,000000 0,000000 0,000000
108 1686494356 2,000000 -1,000000 -101,000000 0,000000 0,000000
108 1686494357 2,000000 -1,000000 -101,000000 0,000000 0,000000
108 1686494358 2,000000 -1,000000 -101,000000 0,000000 0,000000
108 1686494359 2,000000 -1,000000 -101,000000 0,000000 0,000000
108 1686494360 2,000000 -1,000000 -101,000000 0,000000 0,000000
108 1686494361 1,200000 -1,000000 -101,000000 0,000000 0,000000
108 1686494362 1,200000 -1,000000 -101,000000 0,000000 0,000000
108 1686494363 1,200000 -1,000000 -101,000000 0,000000 0,000000
108 1686494364 1,200000 -1,000000 -101,000000 0,000000 0,000000
108 1686494365 1,200000 -1,000000 -101,000000 0,000000 0,000000
108 1686494366 1,800000 -1,000000 -101,000000 0,000000 0,000000
108 1686494367 1,800000 -1,000000 -101,000000 0,000000 0,000000
108 1686494368 1,800000 -1,000000 -101,000000 0,000000 0,000000
108 1686494369 1,800000 -1,000000 -101,000000 0,000000 0,000000
108 1686494370 1,800000 -1,000000 -101,000000 0,000000 0,000000
108 1686494371 3,200000 -1,000000 -101,000000 0,000000 0,000000
108 1686494372 3,200000 -1,000000 -101,000000 0,000000 0,000000
108 1686494373 3,200000 -1,000000 -101,000000 0,000000 0,000000
108 1686494374 3,200000 -1,000000 -101,000000 0,000000 0,000000
108 1686494375 3,200000 -1,000000 -101,000000 0,000000 0,000000
108 1686494376 3,400000 -1,000000 -101,000000 0,000000 0,000000
108 1686494377 3,400000 -1,000000 -101,000000 0,000000 0,000000
108 1686494378 3,400000 -1,000000 -101,000000 0,000000 0,000000
108 1686494379 3,400000 -1,000000 -101,000000 0,000000 0,000000
108 1686494380 3,400000 -1,000000 -101,000000 0,000000 0,000000
108 1686494381 0,400000 -1,000000 -101,000000 0,000000 0,000000
108 1686494382 0,400000 -1,000000 -101,000000 0,000000 0,000000
108 1686494383 0,400000 -1,000000 -101,000000 0,000000 0,000000
108 1686494384 0,400000 -1,000000 -101,000000 0,000000 0,000000
108 1686494385 0,400000 -1,000000 -101,000000 0,000000 0,000000
108 1686494386 3,200000 -1,000000 -101,000000 0,000000 0,000000
108 1686494387 3,200000 -1,000000 -101,000000 0,000000 0,000000
108 1686494388 3,200000 -1,000000 -101,000000 0,000000 0,000000
108 1686494389 3,200000 -1,000000 -101,000000 0,000000 0,000000
108 1686494390 3,200000 -1,000000 -101,000000 0,000000 0,000000
108 1686494391 6,600000 -1,000000 -101,000000 0,000000 0,000000
108 1686494392 6,600000 -1,000000 -101,000000 0,000000 0,000000
108 1686494393 6,600000 -1,000000 -101,000000 0,000000 0,000000
108 1686494394 6,600000 -1,000000 -101,000000 0,000000 0,000000
108 1686494395 6,600000 -1,000000 -101,000000 0,000000 0,000000
108 1686494396 4,200000 -1,000000 -101,000000 0,000000 0,000000
108 1686494397 4,200000 -1,000000 -101,000000 0,000000 0,000000
108 1686494398 4,200000 -1,000000 -101,000000 0,000000 0,000000
108 1686494399 4,200000 -1,000000 -101,000000 0,000000 0,000000
108 1686494400 4,200000 -1,000000 -101,000000 0,000000 0,000000
108 1686494401 2,600000 -1,000000 -101,000000 0,000000 0,000000
108 1686494402 2,600000 -1,000000 -101,000000 0,000000 0,000000
108 1686494403 2,600000 -1,000000 -101,000000 0,000000 0,000000
108 1686494404 2,600000 -1,000000 -101,000000 0,000000 0,000000
108 1686494405 2,600000 -1,000000 -101,000000 0,000000 0,000000
108 1686494406 3,000000 -1,000000 -101,000000 0,000000 0,000000
108 1686494407 3,000000 -1,000000 -101,000000 0,000000 0,000000
108 1686494408 3,000000 -1,000000 -101,000000 0,000000 0,000000
108 1686494409 3,000000 -1,000000 -101,000000 0,000000 0,000000
108 1686494410 3,000000 -1,000000 -101,000000 0,000000 0,000000
108 1686494411 4,800000 -1,000000 -101,000000 0,000000 0,000000
108 1686494412 4,800000 -1,000000 -101,000000 0,000000 0,000000
108 1686494413 4,800000 -1,000000 -101,000000 0,000000 0,000000
108 1686494414 4,800000 -1,000000 -101,000000 0,000000 0,000000
108 1686494415 4,800000 -1,000000 -101,000000 0,000000 0,000000
108 1686494416 4,800000 -1,000000 -101,000000 0,000000 0,000000
108 1686494417 4,800000 -1,000000 -101,000000 0,000000 0,000000
108 1686494418 4,800000 -1,000000 -101,000000 0,000000 0,000000
108 1686494419 4,800000 -1,000000 -101,000000 0,000000 0,000000
108 1686494420 4,800000 -1,000000 -101,000000 0,000000 0,000000
108 1686494421 1,600000 -1,000000 -101,000000 0,000000 0,000000
108 1686494422 1,600000 -1,000000 -101,000000 0,000000 0,000000
108 1686494423 1,600000 -1,000000 -101,000000 0,000000 0,000000
108 1686494424 1,600000 -1,000000 -101,000000 0,000000 0,000000
108 1686494425 1,600000 -1,000000 -101,000000 0,000000 0,000000
108 1686494426 2,800000 -1,000000 -101,000000 0,000000 0,000000
108 1686494427 2,800000 -1,000000 -101,000000 0,000000 0,000000
108 1686494428 2,800000 -1,000000 -101,000000 0,000000 0,000000
108 1686494429 2,800000 -1,000000 -101,000000 0,000000 0,000000
108 1686494430 2,800000 -1,000000 -101,000000 0,000000 0,000000
108 1686494431 3,200000 -1,000000 -101,000000 0,000000 0,000000
108 1686494432 3,200000 -1,000000 -101,000000 0,000000 0,000000
108 1686494433 3,200000 -1,000000 -101,000000 0,000000 0,000000
108 1686494434 3,200000 -1,000000 -101,000000 0,000000 0,000000
108 1686494435 3,200000 -1,000000 -101,000000 0,000000 0,000000
108 1686494436 3,000000 -1,000000 -101,000000 0,000000 0,000000
108 1686494437 3,000000 -1,000000 -101,000000 0,000000 0,000000
108 1686494438 3,000000 -1,000000 -101,000000 0,000000 0,000000
108 1686494439 3,000000 -1,000000 -101,000000 0,000000 0,000000
108 1686494440 3,000000 -1,000000 -101,000000 0,000000 0,000000
108 1686494441 4,200000 -1,000000 -101,000000 0,000000 0,000000
108 1686494442 4,200000 -1,000000 -101,000000 0,000000 0,000000
108 1686494443 4,200000 -1,000000 -101,000000 0,000000 0,000000
108 1686494444 4,200000 -1,000000 -101,000000 0,000000 0,000000
108 1686494445 4,200000 -1,000000 -101,000000 0,000000 0,000000
108 1686494446 6,200000 -1,000000 -101,000000 0,000000 0,000000
108 1686494447 6,200000 -1,000000 -101,000000 0,000000 0,000000
108 1686494448 6,200000 -1,000000 -101,000000 0,000000 0,000000
108 1686494449 6,200000 -1,000000 -101,000000 0,000000 0,000000
108 1686494450 6,200000 -1,000000 -101,000000 0,000000 0,000000
108 1686494451 6,200000 -1,000000 -101,000000 0,000000 0,000000
108 1686494452 6,200000 -1,000000 -101,000000 0,000000 0,000000
108 1686494453 6,200000 -1,000000 -101,000000 0,000000 0,000000
108 1686494454 6,200000 -1,000000 -101,000000 0,000000 0,000000
108 1686494455 6,200000 -1,000000 -101,000000 0,000000 0,000000
108 1686494456 6,000000 -1,000000 -101,000000 0,000000 0,000000
108 1686494457 6,000000 -1,000000 -101,000000 0,000000 0,000000
108 1686494458 6,000000 -1,000000 -101,000000 0,000000 0,000000
108 1686494459 6,000000 -1,000000 -101,000000 0,000000 0,000000
108 1686494460 6,000000 -1,000000 -101,000000 0,000000 0,000000
108 1686494461 5,200000 -1,000000 -101,000000 0,000000 0,000000
108 1686494462 5,200000 -1,000000 -101,000000 0,000000 0,000000
108 1686494463 5,200000 -1,000000 -101,000000 0,000000 0,000000
108 1686494464 5,200000 -1,000000 -101,000000 0,000000 0,000000
108 1686494465 5,200000 -1,000000 -101,000000 0,000000 0,000000
108 1686494466 1,400000 -1,000000 -101,000000 0,000000 0,000000
108 1686494467 1,400000 -1,000000 -101,000000 0,000000 0,000000
108 1686494468 1,400000 -1,000000 -101,000000 0,000000 0,000000
108 1686494469 1,400000 -1,000000 -101,000000 0,000000 0,000000
108 1686494470 1,400000 -1,000000 -101,000000 0,000000 0,000000
108 1686494471 5,400000 -1,000000 -101,000000 0,000000 0,000000
108 1686494472 5,400000 -1,000000 -101,000000 0,000000 0,000000
108 1686494473 5,400000 -1,000000 -101,000000 0,000000 0,000000
108 1686494474 5,400000 -1,000000 -101,000000 0,000000 0,000000
108 1686494475 5,400000 -1,000000 -101,000000 0,000000 0,000000
108 1686494476 2,800000 -1,000000 -101,000000 0,000000 0,000000
108 1686494477 2,800000 -1,000000 -101,000000 0,000000 0,000000
108 1686494478 2,800000 -1,000000 -101,000000 0,000000 0,000000
108 1686494479 2,800000 -1,000000 -101,000000 0,000000 0,000000
108 1686494480 2,800000 -1,000000 -101,000000 0,000000 0,000000
108 1686494481 7,200000 -1,000000 -101,000000 0,000000 0,000000
108 1686494482 7,200000 -1,000000 -101,000000 0,000000 0,000000
108 1686494483 7,200000 -1,000000 -101,000000 0,000000 0,000000
108 1686494484 7,200000 -1,000000 -101,000000 0,000000 0,000000
108 1686494485 7,200000 -1,000000 -101,000000 0,000000 0,000000
108 1686494486 5,800000 -1,000000 -101,000000 0,000000 0,000000
108 1686494487 5,800000 -1,000000 -101,000000 0,000000 0,000000
108 1686494488 5,800000 -1,000000 -101,000000 0,000000 0,000000
108 1686494489 5,800000 -1,000000 -101,000000 0,000000 0,000000
108 1686494490 5,800000 -1,000000 -101,000000 0,000000 0,000000
108 1686494491 4,400000 -1,000000 -101,000000 0,000000 0,000000
108 1686494492 4,400000 -1,000000 -101,000000 0,000000 0,000000
108 1686494493 4,400000 -1,000000 -101,000000 0,000000 0,000000
108 1686494494 4,400000 -1,000000 -101,000000 0,000000 0,000000
108 1686494495 4,400000 -1,000000 -101,000000 0,000000 0,000000
108 1686494496 7,600000 -1,000000 -101,000000 0,000000 0,000000
108 1686494497 7,600000 -1,000000 -101,000000 0,000000 0,000000
108 1686494498 7,600000 -1,000000 -101,000000 0,000000 0,000000
108 1686494499 7,600000 -1,000000 -101,000000 0,000000 0,000000
108 1686494500 7,600000 -1,000000 -101,000000 0,000000 0,000000
108 1686494501 1,600000 -1,000000 -101,000000 0,000000 0,000000
108 1686494502 1,600000 -1,000000 -101,000000 0,000000 0,000000
108 1686494503 1,600000 -1,000000 -101,000000 0,000000 0,000000
108 1686494504 1,600000 -1,000000 -101,000000 0,000000 0,000000
108 1686494505 1,600000 -1,000000 -101,000000 0,000000 0,000000
108 1686494506 1,400000 -1,000000 -101,000000 0,000000 0,000000
108 1686494507 1,400000 -1,000000 -101,000000 0,000000 0,000000
108 1686494508 1,400000 -1,000000 -101,000000 0,000000 0,000000
108 1686494509 1,400000 -1,000000 -101,000000 0,000000 0,000000
108 1686494510 1,400000 -1,000000 -101,000000 0,000000 0,000000
108 1686494511 4,000000 -1,000000 -101,000000 0,000000 0,000000
108 1686494512 4,000000 -1,000000 -101,000000 0,000000 0,000000
108 1686494513 4,000000 -1,000000 -101,000000 0,000000 0,000000
108 1686494514 4,000000 -1,000000 -101,000000 0,000000 0,000000
108 1686494515 4,000000 -1,000000 -101,000000 0,000000 0,000000
108 1686494516 3,000000 -1,000000 -101,000000 0,000000 0,000000
108 1686494517 3,000000 -1,000000 -101,000000 0,000000 0,000000
108 1686494518 3,000000 -1,000000 -101,000000 0,000000 0,000000
108 1686494519 3,000000 -1,000000 -101,000000 0,000000 0,000000
108 1686494520 3,000000 -1,000000 -101,000000 0,000000 0,000000
108 1686494521 1,800000 -1,000000 -101,000000 0,000000 0,000000
108 1686494522 1,800000 -1,000000 -101,000000 0,000000 0,000000
108 1686494523 1,800000 -1,000000 -101,000000 0,000000 0,000000
108 1686494524 1,800000 -1,000000 -101,000000 0,000000 0,000000
108 1686494525 1,800000 -1,000000 -101,000000 0,000000 0,000000
108 1686494526 2,000000 -1,000000 -101,000000 0,000000 0,000000
108 1686494527 2,000000 -1,000000 -101,000000 0,000000 0,000000
108 1686494528 2,000000 -1,000000 -101,000000 0,000000 0,000000
108 1686494529 2,000000 -1,000000 -101,000000 0,000000 0,000000
108 1686494530 2,000000 -1,000000 -101,000000 0,000000 0,000000
108 1686494531 5,000000 -1,000000 -101,000000 0,000000 0,000000
108 1686494532 5,000000 -1,000000 -101,000000 0,000000 0,000000
108 1686494533 5,000000 -1,000000 -101,000000 0,000000 0,000000
108 1686494534 5,000000 -1,000000 -101,000000 0,000000 0,000000
108 1686494535 5,000000 -1,000000 -101,000000 0,000000 0,000000
108 1686494536 4,200000 -1,000000 -101,000000 0,000000 0,000000
108 1686494537 4,200000 -1,000000 -101,000000 0,000000 0,000000
108 1686494538 4,200000 -1,000000 -101,000000 0,000000 0,000000
108 1686494539 4,200000 -1,000000 -101,000000 0,000000 0,000000
108 1686494540 4,200000 -1,000000 -101,000000 0,000000 0,000000
108 1686494541 1,600000 -1,000000 -101,000000 0,000000 0,000000
108 1686494542 1,600000 -1,000000 -101,000000 0,000000 0,000000
108 1686494543 1,600000 -1,000000 -101,000000 0,000000 0,000000
108 1686494544 1,600000 -1,000000 -101,000000 0,000000 0,000000
108 1686494545 1,600000 -1,000000 -101,000000 0,000000 0,000000
108 1686494546 0,800000 -1,000000 -101,000000 0,000000 0,000000
108 1686494547 0,800000 -1,000000 -101,000000 0,000000 0,000000
108 1686494548 0,800000 -1,000000 -101,000000 0,000000 0,000000
108 1686494549 0,800000 -1,000000 -101,000000 0,000000 0,000000
108 1686494550 0,800000 -1,000000 -101,000000 0,000000 0,000000
108 1686494551 4,800000 -1,000000 -101,000000 0,000000 0,000000
108 1686494552 4,800000 -1,000000 -101,000000 0,000000 0,000000
108 1686494553 4,800000 -1,000000 -101,000000 0,000000 0,000000
108 1686494554 4,800000 -1,000000 -101,000000 0,000000 0,000000
