94 1686493241 0,800000 -1,000000 -101,000000 0,000000 0,000000
94 1686493242 0,800000 -1,000000 -101,000000 0,000000 0,000000
94 1686493243 0,800000 -1,000000 -101,000000 0,000000 0,000000
94 1686493244 0,800000 -1,000000 -101,000000 0,000000 0,000000
94 1686493245 0,800000 -1,000000 -101,000000 0,000000 0,000000
94 1686493246 0,800000 -1,000000 -101,000000 0,000000 0,000000
94 1686493247 0,800000 -1,000000 -101,000000 0,000000 0,000000
94 1686493248 0,800000 -1,000000 -101,000000 0,000000 0,000000
94 1686493249 0,800000 -1,000000 -101,000000 0,000000 0,000000
94 1686493250 0,800000 -1,000000 -101,000000 0,000000 0,000000
94 1686493251 1,400000 -1,000000 -101,000000 0,000000 0,000000
94 1686493252 1,400000 -1,000000 -101,000000 0,000000 0,000000
94 1686493253 1,400000 -1,000000 -101,000000 0,000000 0,000000
94 1686493254 1,400000 -1,000000 -101,000000 0,000000 0,000000
94 1686493255 1,400000 -1,000000 -101,000000 0,000000 0,000000
94 1686493256 1,800000 -1,000000 -101,000000 0,000000 0,000000
94 1686493257 1,800000 -1,000000 -101,000000 0,000000 0,000000
94 1686493258 1,800000 -1,000000 -101,000000 0,000000 0,000000
94 1686493259 1,800000 -1,000000 -101,000000 0,000000 0,000000
94 1686493260 1,800000 -1,000000 -101,000000 0,000000 0,000000
94 1686493261 2,800000 -1,000000 -101,000000 0,000000 0,000000
94 1686493262 2,800000 -1,000000 -101,000000 0,000000 0,000000
94 1686493263 2,800000 -1,000000 -101,000000 0,000000 0,000000
94 1686493264 2,800000 -1,000000 -101,000000 0,000000 0,000000
94 1686493265 2,800000 -1,000000 -101,000000 0,000000 0,000000
94 1686493266 2,000000 -1,000000 -101,000000 0,000000 0,000000
94 1686493267 2,000000 -1,000000 -101,000000 0,000000 0,000000
94 1686493268 2,000000 -1,000000 -101,000000 0,000000 0,000000
94 1686493269 2,000000 -1,000000 -101,000000 0,000000 0,000000
94 1686493270 2,000000 -1,000000 -101,000000 0,000000 0,000000
94 1686493271 3,200000 -1,000000 -101,000000 0,000000 0,000000
94 1686493272 3,200000 -1,000000 -101,000000 0,000000 0,000000
94 1686493273 3,200000 -1,000000 -101,000000 0,000000 0,000000
94 1686493274 3,200000 -1,000000 -101,000000 0,000000 0,000000
94 1686493275 3,200000 -1,000000 -101,000000 0,000000 0,000000
94 1686493276 1,200000 -1,000000 -101,000000 0,000000 0,000000
94 1686493277 1,200000 -1,000000 -101,000000 0,000000 0,000000
94 1686493278 1,200000 -1,000000 -101,000000 0,000000 0,000000
94 1686493279 1,200000 -1,000000 -101,000000 0,000000 0,000000
94 1686493280 1,200000 -1,000000 -101,000000 0,000000 0,000000
94 1686493281 1,400000 -1,000000 -101,000000 0,000000 0,000000
94 1686493282 1,400000 -1,000000 -101,000000 0,000000 0,000000
94 1686493283 1,400000 -1,000000 -101,000000 0,000000 0,000000
94 1686493284 1,400000 -1,000000 -101,000000 0,000000 0,000000
94 1686493285 1,400000 -1,000000 -101,000000 0,000000 0,000000
94 1686493286 1,200000 -1,000000 -101,000000 0,000000 0,000000
94 1686493287 1,200000 -1,000000 -101,000000 0,000000 0,000000
94 1686493288 1,200000 -1,000000 -101,000000 0,000000 0,000000
94 1686493289 1,200000 -1,000000 -101,000000 0,000000 0,000000
94 1686493290 1,200000 -1,000000 -101,000000 0,000000 0,000000
94 1686493291 0,600000 -1,000000 -101,000000 0,000000 0,000000
94 1686493292 0,600000 -1,000000 -101,000000 0,000000 0,000000
94 1686493293 0,600000 -1,000000 -101,000000 0,000000 0,000000
94 1686493294 0,600000 -1,000000 -101,000000 0,000000 0,000000
94 1686493295 0,600000 -1,000000 -101,000000 0,000000 0,000000
94 1686493296 1,000000 -1,000000 -101,000000 0,000000 0,000000
94 1686493297 1,000000 -1,000000 -101,000000 0,000000 0,000000
94 1686493298 1,000000 -1,000000 -101,000000 0,000000 0,000000
94 1686493299 1,000000 -1,000000 -101,000000 0,000000 0,000000
94 1686493300 1,000000 -1,000000 -101,000000 0,000000 0,000000
94 1686493301 0,600000 -1,000000 -101,000000 0,000000 0,000000
94 1686493302 0,600000 -1,000000 -101,000000 0,000000 0,000000
94 1686493303 0,600000 -1,000000 -101,000000 0,000000 0,000000
94 1686493304 0,600000 -1,000000 -101,000000 0,000000 0,000000
94 1686493305 0,600000 -1,000000 -101,000000 0,000000 0,000000
94 1686493306 1,200000 -1,000000 -101,000000 0,000000 0,000000
94 1686493307 1,200000 -1,000000 -101,000000 0,000000 0,000000
94 1686493308 1,200000 -1,000000 -101,000000 0,000000 0,000000
94 1686493309 1,200000 -1,000000 -101,000000 0,000000 0,000000
94 1686493310 1,200000 -1,000000 -101,000000 0,000000 0,000000
94 1686493311 1,000000 -1,000000 -101,000000 0,000000 0,000000
94 1686493312 1,000000 -1,000000 -101,000000 0,000000 0,000000
94 1686493313 1,000000 -1,000000 -101,000000 0,000000 0,000000
94 1686493314 1,000000 -1,000000 -101,000000 0,000000 0,000000
94 1686493315 1,000000 -1,000000 -101,000000 0,000000 0,000000
94 1686493316 0,400000 -1,000000 -101,000000 0,000000 0,000000
94 1686493317 0,400000 -1,000000 -101,000000 0,000000 0,000000
94 1686493318 0,400000 -1,000000 -101,000000 0,000000 0,000000
94 1686493319 0,400000 -1,000000 -101,000000 0,000000 0,000000
94 1686493320 0,400000 -1,000000 -101,000000 0,000000 0,000000
94 1686493321 1,000000 -1,000000 -101,000000 0,000000 0,000000
94 1686493322 1,000000 -1,000000 -101,000000 0,000000 0,000000
94 1686493323 1,000000 -1,000000 -101,000000 0,000000 0,000000
94 1686493324 1,000000 -1,000000 -101,000000 0,000000 0,000000
94 1686493325 1,000000 -1,000000 -101,000000 0,000000 0,000000
94 1686493326 0,600000 -1,000000 -101,000000 0,000000 0,000000
94 1686493327 0,600000 -1,000000 -101,000000 0,000000 0,000000
94 1686493328 0,600000 -1,000000 -101,000000 0,000000 0,000000
94 1686493329 0,600000 -1,000000 -101,000000 0,000000 0,000000
94 1686493330 0,600000 -1,000000 -101,000000 0,000000 0,000000
94 1686493331 0,800000 -1,000000 -101,000000 0,000000 0,000000
94 1686493332 0,800000 -1,000000 -101,000000 0,000000 0,000000
94 1686493333 0,800000 -1,000000 -101,000000 0,000000 0,000000
94 1686493334 0,800000 -1,000000 -101,000000 0,000000 0,000000
94 1686493335 0,800000 -1,000000 -101,000000 0,000000 0,000000
94 1686493336 1,200000 -1,000000 -101,000000 0,000000 0,000000
94 1686493337 1,200000 -1,000000 -101,000000 0,000000 0,000000
94 1686493338 1,200000 -1,000000 -101,000000 0,000000 0,000000
94 1686493339 1,200000 -1,000000 -101,000000 0,000000 0,000000
94 1686493340 1,200000 -1,000000 -101,000000 0,000000 0,000000
94 1686493341 0,400000 -1,000000 -101,000000 0,000000 0,000000
94 1686493342 0,400000 -1,000000 -101,000000 0,000000 0,000000
94 1686493343 0,400000 -1,000000 -101,000000 0,000000 0,000000
94 1686493344 0,400000 -1,000000 -101,000000 0,000000 0,000000
94 1686493345 0,400000 -1,000000 -101,000000 0,000000 0,000000
94 1686493346 1,000000 -1,000000 -101,000000 0,000000 0,000000
94 1686493347 1,000000 -1,000000 -101,000000 0,000000 0,000000
94 1686493348 1,000000 -1,000000 -101,000000 0,000000 0,000000
94 1686493349 1,000000 -1,000000 -101,000000 0,000000 0,000000
94 1686493350 1,000000 -1,000000 -101,000000 0,000000 0,000000
94 1686493351 1,200000 -1,000000 -101,000000 0,000000 0,000000
94 1686493352 1,200000 -1,000000 -101,000000 0,000000 0,000000
94 1686493353 1,200000 -1,000000 -101,000000 0,000000 0,000000
94 1686493354 1,200000 -1,000000 -101,000000 0,000000 0,000000
94 1686493355 1,200000 -1,000000 -101,000000 0,000000 0,000000
94 1686493356 0,600000 -1,000000 -101,000000 0,000000 0,000000
94 1686493357 0,600000 -1,000000 -101,000000 0,000000 0,000000
94 1686493358 0,600000 -1,000000 -101,000000 0,000000 0,000000
94 1686493359 0,600000 -1,000000 -101,000000 0,000000 0,000000
94 1686493360 0,600000 -1,000000 -101,000000 0,000000 0,000000
94 1686493361 1,000000 -1,000000 -101,000000 0,000000 0,000000
94 1686493362 1,000000 -1,000000 -101,000000 0,000000 0,000000
94 1686493363 1,000000 -1,000000 -101,000000 0,000000 0,000000
94 1686493364 1,000000 -1,000000 -101,000000 0,000000 0,000000
94 1686493365 1,000000 -1,000000 -101,000000 0,000000 0,000000
94 1686493366 1,000000 -1,000000 -101,000000 0,000000 0,000000
94 1686493367 1,000000 -1,000000 -101,000000 0,000000 0,000000
94 1686493368 1,000000 -1,000000 -101,000000 0,000000 0,000000
94 1686493369 1,000000 -1,000000 -101,000000 0,000000 0,000000
94 1686493370 1,000000 -1,000000 -101,000000 0,000000 0,000000
94 1686493371 2,000000 -1,000000 -101,000000 0,000000 0,000000
94 1686493372 2,000000 -1,000000 -101,000000 0,000000 0,000000
94 1686493373 2,000000 -1,000000 -101,000000 0,000000 0,000000
94 1686493374 2,000000 -1,000000 -101,000000 0,000000 0,000000
94 1686493375 2,000000 -1,000000 -101,000000 0,000000 0,000000
94 1686493376 1,000000 -1,000000 -101,000000 0,000000 0,000000
94 1686493377 1,000000 -1,000000 -101,000000 0,000000 0,000000
94 1686493378 1,000000 -1,000000 -101,000000 0,000000 0,000000
94 1686493379 1,000000 -1,000000 -101,000000 0,000000 0,000000
94 1686493380 1,000000 -1,000000 -101,000000 0,000000 0,000000
94 1686493381 0,800000 -1,000000 -101,000000 0,000000 0,000000
94 1686493382 0,800000 -1,000000 -101,000000 0,000000 0,000000
94 1686493383 0,800000 -1,000000 -101,000000 0,000000 0,000000
94 1686493384 0,800000 -1,000000 -101,000000 0,000000 0,000000
94 1686493385 0,800000 -1,000000 -101,000000 0,000000 0,000000
94 1686493386 0,400000 -1,000000 -101,000000 0,000000 0,000000
94 1686493387 0,400000 -1,000000 -101,000000 0,000000 0,000000
94 1686493388 0,400000 -1,000000 -101,000000 0,000000 0,000000
94 1686493389 0,400000 -1,000000 -101,000000 0,000000 0,000000
94 1686493390 0,400000 -1,000000 -101,000000 0,000000 0,000000
94 1686493391 0,800000 -1,000000 -101,000000 0,000000 0,000000
94 1686493392 0,800000 -1,000000 -101,000000 0,000000 0,000000
94 1686493393 0,800000 -1,000000 -101,000000 0,000000 0,000000
94 1686493394 0,800000 -1,000000 -101,000000 0,000000 0,000000
94 1686493395 0,800000 -1,000000 -101,000000 0,000000 0,000000
94 1686493396 0,600000 -1,000000 -101,000000 0,000000 0,000000
94 1686493397 0,600000 -1,000000 -101,000000 0,000000 0,000000
94 1686493398 0,600000 -1,000000 -101,000000 0,000000 0,000000
94 1686493399 0,600000 -1,000000 -101,000000 0,000000 0,000000
94 1686493400 0,600000 -1,000000 -101,000000 0,000000 0,000000
94 1686493401 0,800000 -1,000000 -101,000000 0,000000 0,000000
94 1686493402 0,800000 -1,000000 -101,000000 0,000000 0,000000
94 1686493403 0,800000 -1,000000 -101,000000 0,000000 0,000000
94 1686493404 0,800000 -1,000000 -101,000000 0,000000 0,000000
94 1686493405 0,800000 -1,000000 -101,000000 0,000000 0,000000
94 1686493406 0,800000 -1,000000 -101,000000 0,000000 0,000000
94 1686493407 0,800000 -1,000000 -101,000000 0,000000 0,000000
94 1686493408 0,800000 -1,000000 -101,000000 0,000000 0,000000
94 1686493409 0,800000 -1,000000 -101,000000 0,000000 0,000000
94 1686493410 0,800000 -1,000000 -101,000000 0,000000 0,000000
94 1686493411 0,800000 -1,000000 -101,000000 0,000000 0,000000
94 1686493412 0,800000 -1,000000 -101,000000 0,000000 0,000000
94 1686493413 0,800000 -1,000000 -101,000000 0,000000 0,000000
94 1686493414 0,800000 -1,000000 -101,000000 0,000000 0,000000
94 1686493415 0,800000 -1,000000 -101,000000 0,000000 0,000000
94 1686493416 2,000000 -1,000000 -101,000000 0,000000 0,000000
94 1686493417 2,000000 -1,000000 -101,000000 0,000000 0,000000
94 1686493418 2,000000 -1,000000 -101,000000 0,000000 0,000000
94 1686493419 2,000000 -1,000000 -101,000000 0,000000 0,000000
94 1686493420 2,000000 -1,000000 -101,000000 0,000000 0,000000
94 1686493421 0,400000 -1,000000 -101,000000 0,000000 0,000000
94 1686493422 0,400000 -1,000000 -101,000000 0,000000 0,000000
94 1686493423 0,400000 -1,000000 -101,000000 0,000000 0,000000
94 1686493424 0,400000 -1,000000 -101,000000 0,000000 0,000000
94 1686493425 0,400000 -1,000000 -101,000000 0,000000 0,000000
94 1686493426 0,600000 -1,000000 -101,000000 0,000000 0,000000
94 1686493427 0,600000 -1,000000 -101,000000 0,000000 0,000000
94 1686493428 0,600000 -1,000000 -101,000000 0,000000 0,000000
94 1686493429 0,600000 -1,000000 -101,000000 0,000000 0,000000
94 1686493430 0,600000 -1,000000 -101,000000 0,000000 0,000000
94 1686493431 1,200000 -1,000000 -101,000000 0,000000 0,000000
94 1686493432 1,200000 -1,000000 -101,000000 0,000000 0,000000
94 1686493433 1,200000 -1,000000 -101,000000 0,000000 0,000000
94 1686493434 1,200000 -1,000000 -101,000000 0,000000 0,000000
94 1686493435 1,200000 -1,000000 -101,000000 0,000000 0,000000
94 1686493436 0,800000 -1,000000 -101,000000 0,000000 0,000000
94 1686493437 0,800000 -1,000000 -101,000000 0,000000 0,000000
94 1686493438 0,800000 -1,000000 -101,000000 0,000000 0,000000
94 1686493439 0,800000 -1,000000 -101,000000 0,000000 0,000000
94 1686493440 0,800000 -1,000000 -101,000000 0,000000 0,000000
94 1686493441 1,800000 -1,000000 -101,000000 0,000000 0,000000
94 1686493442 1,800000 -1,000000 -101,000000 0,000000 0,000000
94 1686493443 1,800000 -1,000000 -101,000000 0,000000 0,000000
94 1686493444 1,800000 -1,000000 -101,000000 0,000000 0,000000
94 1686493445 1,800000 -1,000000 -101,000000 0,000000 0,000000
94 1686493446 1,200000 -1,000000 -101,000000 0,000000 0,000000
94 1686493447 1,200000 -1,000000 -101,000000 0,000000 0,000000
94 1686493448 1,200000 -1,000000 -101,000000 0,000000 0,000000
94 1686493449 1,200000 -1,000000 -101,000000 0,000000 0,000000
94 1686493450 1,200000 -1,000000 -101,000000 0,000000 0,000000
94 1686493451 1,600000 -1,000000 -101,000000 0,000000 0,000000
94 1686493452 1,600000 -1,000000 -101,000000 0,000000 0,000000
94 1686493453 1,600000 -1,000000 -101,000000 0,000000 0,000000
94 1686493454 1,600000 -1,000000 -101,000000 0,000000 0,000000
94 1686493455 1,600000 -1,000000 -101,000000 0,000000 0,000000
94 1686493456 2,200000 -1,000000 -101,000000 0,000000 0,000000
94 1686493457 2,200000 -1,000000 -101,000000 0,000000 0,000000
94 1686493458 2,200000 -1,000000 -101,000000 0,000000 0,000000
94 1686493459 2,200000 -1,000000 -101,000000 0,000000 0,000000
94 1686493460 2,200000 -1,000000 -101,000000 0,000000 0,000000
94 1686493461 1,600000 -1,000000 -101,000000 0,000000 0,000000
94 1686493462 1,600000 -1,000000 -101,000000 0,000000 0,000000
94 1686493463 1,600000 -1,000000 -101,000000 0,000000 0,000000
94 1686493464 1,600000 -1,000000 -101,000000 0,000000 0,000000
94 1686493465 1,600000 -1,000000 -101,000000 0,000000 0,000000
94 1686493466 0,800000 -1,000000 -101,000000 0,000000 0,000000
94 1686493467 0,800000 -1,000000 -101,000000 0,000000 0,000000
94 1686493468 0,800000 -1,000000 -101,000000 0,000000 0,000000
94 1686493469 0,800000 -1,000000 -101,000000 0,000000 0,000000
94 1686493470 0,800000 -1,000000 -101,000000 0,000000 0,000000
94 1686493471 1,600000 -1,000000 -101,000000 0,000000 0,000000
94 1686493472 1,600000 -1,000000 -101,000000 0,000000 0,000000
94 1686493473 1,600000 -1,000000 -101,000000 0,000000 0,000000
94 1686493474 1,600000 -1,000000 -101,000000 0,000000 0,000000
94 1686493475 1,600000 -1,000000 -101,000000 0,000000 0,000000
94 1686493476 0,400000 -1,000000 -101,000000 0,000000 0,000000
94 1686493477 0,400000 -1,000000 -101,000000 0,000000 0,000000
94 1686493478 0,400000 -1,000000 -101,000000 0,000000 0,000000
94 1686493479 0,400000 -1,000000 -101,000000 0,000000 0,000000
94 1686493480 0,400000 -1,000000 -101,000000 0,000000 0,000000
94 1686493481 0,600000 -1,000000 -101,000000 0,000000 0,000000
94 1686493482 0,600000 -1,000000 -101,000000 0,000000 0,000000
94 1686493483 0,600000 -1,000000 -101,000000 0,000000 0,000000
94 1686493484 0,600000 -1,000000 -101,000000 0,000000 0,000000
94 1686493485 0,600000 -1,000000 -101,000000 0,000000 0,000000
94 1686493486 1,000000 -1,000000 -101,000000 0,000000 0,000000
94 1686493487 1,000000 -1,000000 -101,000000 0,000000 0,000000
94 1686493488 1,000000 -1,000000 -101,000000 0,000000 0,000000
94 1686493489 1,000000 -1,000000 -101,000000 0,000000 0,000000
94 1686493490 1,000000 -1,000000 -101,000000 0,000000 0,000000
94 1686493491 0,600000 -1,000000 -101,000000 0,000000 0,000000
94 1686493492 0,600000 -1,000000 -101,000000 0,000000 0,000000
94 1686493493 0,600000 -1,000000 -101,000000 0,000000 0,000000
94 1686493494 0,600000 -1,000000 -101,000000 0,000000 0,000000
94 1686493495 0,600000 -1,000000 -101,000000 0,000000 0,000000
94 1686493496 1,000000 -1,000000 -101,000000 0,000000 0,000000
94 1686493497 1,000000 -1,000000 -101,000000 0,000000 0,000000
94 1686493498 1,000000 -1,000000 -101,000000 0,000000 0,000000
94 1686493499 1,000000 -1,000000 -101,000000 0,000000 0,000000
94 1686493500 1,000000 -1,000000 -101,000000 0,000000 0,000000
94 1686493501 0,400000 -1,000000 -101,000000 0,000000 0,000000
94 1686493502 0,400000 -1,000000 -101,000000 0,000000 0,000000
94 1686493503 0,400000 -1,000000 -101,000000 0,000000 0,000000
94 1686493504 0,400000 -1,000000 -101,000000 0,000000 0,000000
94 1686493505 0,400000 -1,000000 -101,000000 0,000000 0,000000
94 1686493506 1,000000 -1,000000 -101,000000 0,000000 0,000000
94 1686493507 1,000000 -1,000000 -101,000000 0,000000 0,000000
94 1686493508 1,000000 -1,000000 -101,000000 0,000000 0,000000
94 1686493509 1,000000 -1,000000 -101,000000 0,000000 0,000000
94 1686493510 1,000000 -1,000000 -101,000000 0,000000 0,000000
94 1686493511 1,800000 -1,000000 -101,000000 0,000000 0,000000
94 1686493512 1,800000 -1,000000 -101,000000 0,000000 0,000000
94 1686493513 1,800000 -1,000000 -101,000000 0,000000 0,000000
94 1686493514 1,800000 -1,000000 -101,000000 0,000000 0,000000
94 1686493515 1,800000 -1,000000 -101,000000 0,000000 0,000000
94 1686493516 0,600000 -1,000000 -101,000000 0,000000 0,000000
94 1686493517 0,600000 -1,000000 -101,000000 0,000000 0,000000
94 1686493518 0,600000 -1,000000 -101,000000 0,000000 0,000000
94 1686493519 0,600000 -1,000000 -101,000000 0,000000 0,000000
94 1686493520 0,600000 -1,000000 -101,000000 0,000000 0,000000
94 1686493521 0,800000 -1,000000 -101,000000 0,000000 0,000000
94 1686493522 0,800000 -1,000000 -101,000000 0,000000 0,000000
94 1686493523 0,800000 -1,000000 -101,000000 0,000000 0,000000
94 1686493524 0,800000 -1,000000 -101,000000 0,000000 0,000000
94 1686493525 0,800000 -1,000000 -101,000000 0,000000 0,000000
94 1686493526 2,000000 -1,000000 -101,000000 0,000000 0,000000
94 1686493527 2,000000 -1,000000 -101,000000 0,000000 0,000000
94 1686493528 2,000000 -1,000000 -101,000000 0,000000 0,000000
94 1686493529 2,000000 -1,000000 -101,000000 0,000000 0,000000
94 1686493530 2,000000 -1,000000 -101,000000 0,000000 0,000000
94 1686493531 0,600000 -1,000000 -101,000000 0,000000 0,000000
94 1686493532 0,600000 -1,000000 -101,000000 0,000000 0,000000
94 1686493533 0,600000 -1,000000 -101,000000 0,000000 0,000000
94 1686493534 0,600000 -1,000000 -101,000000 0,000000 0,000000
94 1686493535 0,600000 -1,000000 -101,000000 0,000000 0,000000
94 1686493536 1,200000 -1,000000 -101,000000 0,000000 0,000000
94 1686493537 1,200000 -1,000000 -101,000000 0,000000 0,000000
94 1686493538 1,200000 -1,000000 -101,000000 0,000000 0,000000
94 1686493539 1,200000 -1,000000 -101,000000 0,000000 0,000000
94 1686493540 1,200000 -1,000000 -101,000000 0,000000 0,000000
94 1686493541 0,800000 -1,000000 -101,000000 0,000000 0,000000
94 1686493542 0,800000 -1,000000 -101,000000 0,000000 0,000000
94 1686493543 0,800000 -1,000000 -101,000000 0,000000 0,000000
94 1686493544 0,800000 -1,000000 -101,000000 0,000000 0,000000
94 1686493545 0,800000 -1,000000 -101,000000 0,000000 0,000000
94 1686493546 1,600000 -1,000000 -101,000000 0,000000 0,000000
94 1686493547 1,600000 -1,000000 -101,000000 0,000000 0,000000
94 1686493548 1,600000 -1,000000 -101,000000 0,000000 0,000000
94 1686493549 1,600000 -1,000000 -101,000000 0,000000 0,000000
94 1686493550 1,600000 -1,000000 -101,000000 0,000000 0,000000
94 1686493551 1,400000 -1,000000 -101,000000 0,000000 0,000000
94 1686493552 1,400000 -1,000000 -101,000000 0,000000 0,000000
94 1686493553 1,400000 -1,000000 -101,000000 0,000000 0,000000
94 1686493554 1,400000 -1,000000 -101,000000 0,000000 0,000000
94 1686493555 1,400000 -1,000000 -101,000000 0,000000 0,000000
94 1686493556 1,200000 -1,000000 -101,000000 0,000000 0,000000
94 1686493557 1,200000 -1,000000 -101,000000 0,000000 0,000000
94 1686493558 1,200000 -1,000000 -101,000000 0,000000 0,000000
94 1686493559 1,200000 -1,000000 -101,000000 0,000000 0,000000
94 1686493560 1,200000 -1,000000 -101,000000 0,000000 0,000000
94 1686493561 1,200000 -1,000000 -101,000000 0,000000 0,000000
94 1686493562 1,200000 -1,000000 -101,000000 0,000000 0,000000
94 1686493563 1,200000 -1,000000 -101,000000 0,000000 0,000000
94 1686493564 1,200000 -1,000000 -101,000000 0,000000 0,000000
94 1686493565 1,200000 -1,000000 -101,000000 0,000000 0,000000
94 1686493566 0,800000 -1,000000 -101,000000 0,000000 0,000000
94 1686493567 0,800000 -1,000000 -101,000000 0,000000 0,000000
94 1686493568 0,800000 -1,000000 -101,000000 0,000000 0,000000
94 1686493569 0,800000 -1,000000 -101,000000 0,000000 0,000000
94 1686493570 0,800000 -1,000000 -101,000000 0,000000 0,000000
94 1686493571 1,200000 -1,000000 -101,000000 0,000000 0,000000
94 1686493572 1,200000 -1,000000 -101,000000 0,000000 0,000000
94 1686493573 1,200000 -1,000000 -101,000000 0,000000 0,000000
94 1686493574 1,200000 -1,000000 -101,000000 0,000000 0,000000
94 1686493575 1,200000 -1,000000 -101,000000 0,000000 0,000000
94 1686493576 1,200000 -1,000000 -101,000000 0,000000 0,000000
94 1686493577 1,200000 -1,000000 -101,000000 0,000000 0,000000
94 1686493578 1,200000 -1,000000 -101,000000 0,000000 0,000000
94 1686493579 1,200000 -1,000000 -101,000000 0,000000 0,000000
94 1686493580 1,200000 -1,000000 -101,000000 0,000000 0,000000
94 1686493581 0,600000 -1,000000 -101,000000 0,000000 0,000000
94 1686493582 0,600000 -1,000000 -101,000000 0,000000 0,000000
94 1686493583 0,600000 -1,000000 -101,000000 0,000000 0,000000
94 1686493584 0,600000 -1,000000 -101,000000 0,000000 0,000000
94 1686493585 0,600000 -1,000000 -101,000000 0,000000 0,000000
94 1686493586 1,400000 -1,000000 -101,000000 0,000000 0,000000
94 1686493587 1,400000 -1,000000 -101,000000 0,000000 0,000000
94 1686493588 1,400000 -1,000000 -101,000000 0,000000 0,000000
94 1686493589 1,400000 -1,000000 -101,000000 0,000000 0,000000
94 1686493590 1,400000 -1,000000 -101,000000 0,000000 0,000000
94 1686493591 1,200000 -1,000000 -101,000000 0,000000 0,000000
94 1686493592 1,200000 -1,000000 -101,000000 0,000000 0,000000
94 1686493593 1,200000 -1,000000 -101,000000 0,000000 0,000000
94 1686493594 1,200000 -1,000000 -101,000000 0,000000 0,000000
94 1686493595 1,200000 -1,000000 -101,000000 0,000000 0,000000
94 1686493596 1,200000 -1,000000 -101,000000 0,000000 0,000000
94 1686493597 1,200000 -1,000000 -101,000000 0,000000 0,000000
94 1686493598 1,200000 -1,000000 -101,000000 0,000000 0,000000
94 1686493599 1,200000 -1,000000 -101,000000 0,000000 0,000000
94 1686493600 1,200000 -1,000000 -101,000000 0,000000 0,000000
94 1686493601 0,800000 -1,000000 -101,000000 0,000000 0,000000
94 1686493602 0,800000 -1,000000 -101,000000 0,000000 0,000000
94 1686493603 0,800000 -1,000000 -101,000000 0,000000 0,000000
94 1686493604 0,800000 -1,000000 -101,000000 0,000000 0,000000
94 1686493605 0,800000 -1,000000 -101,000000 0,000000 0,000000
94 1686493606 1,200000 -1,000000 -101,000000 0,000000 0,000000
94 1686493607 1,200000 -1,000000 -101,000000 0,000000 0,000000
94 1686493608 1,200000 -1,000000 -101,000000 0,000000 0,000000
94 1686493609 1,200000 -1,000000 -101,000000 0,000000 0,000000
94 1686493610 1,200000 -1,000000 -101,000000 0,000000 0,000000
94 1686493611 1,000000 -1,000000 -101,000000 0,000000 0,000000
94 1686493612 1,000000 -1,000000 -101,000000 0,000000 0,000000
94 1686493613 1,000000 -1,000000 -101,000000 0,000000 0,000000
94 1686493614 1,000000 -1,000000 -101,000000 0,000000 0,000000
94 1686493615 1,000000 -1,000000 -101,000000 0,000000 0,000000
94 1686493616 2,000000 -1,000000 -101,000000 0,000000 0,000000
94 1686493617 2,000000 -1,000000 -101,000000 0,000000 0,000000
94 1686493618 2,000000 -1,000000 -101,000000 0,000000 0,000000
94 1686493619 2,000000 -1,000000 -101,000000 0,000000 0,000000
94 1686493620 2,000000 -1,000000 -101,000000 0,000000 0,000000
94 1686493621 0,600000 -1,000000 -101,000000 0,000000 0,000000
94 1686493622 0,600000 -1,000000 -101,000000 0,000000 0,000000
94 1686493623 0,600000 -1,000000 -101,000000 0,000000 0,000000
94 1686493624 0,600000 -1,000000 -101,000000 0,000000 0,000000
94 1686493625 0,600000 -1,000000 -101,000000 0,000000 0,000000
94 1686493626 0,800000 -1,000000 -101,000000 0,000000 0,000000
94 1686493627 0,800000 -1,000000 -101,000000 0,000000 0,000000
94 1686493628 0,800000 -1,000000 -101,000000 0,000000 0,000000
94 1686493629 0,800000 -1,000000 -101,000000 0,000000 0,000000
94 1686493630 0,800000 -1,000000 -101,000000 0,000000 0,000000
94 1686493631 2,400000 -1,000000 -101,000000 0,000000 0,000000
94 1686493632 2,400000 -1,000000 -101,000000 0,000000 0,000000
94 1686493633 2,400000 -1,000000 -101,000000 0,000000 0,000000
94 1686493634 2,400000 -1,000000 -101,000000 0,000000 0,000000
94 1686493635 2,400000 -1,000000 -101,000000 0,000000 0,000000
94 1686493636 0,400000 -1,000000 -101,000000 0,000000 0,000000
94 1686493637 0,400000 -1,000000 -101,000000 0,000000 0,000000
94 1686493638 0,400000 -1,000000 -101,000000 0,000000 0,000000
94 1686493639 0,400000 -1,000000 -101,000000 0,000000 0,000000
94 1686493640 0,400000 -1,000000 -101,000000 0,000000 0,000000
94 1686493641 0,800000 -1,000000 -101,000000 0,000000 0,000000
94 1686493642 0,800000 -1,000000 -101,000000 0,000000 0,000000
94 1686493643 0,800000 -1,000000 -101,000000 0,000000 0,000000
94 1686493644 0,800000 -1,000000 -101,000000 0,000000 0,000000
94 1686493645 0,800000 -1,000000 -101,000000 0,000000 0,000000
94 1686493646 1,000000 -1,000000 -101,000000 0,000000 0,000000
94 1686493647 1,000000 -1,000000 -101,000000 0,000000 0,000000
94 1686493648 1,000000 -1,000000 -101,000000 0,000000 0,000000
94 1686493649 1,000000 -1,000000 -101,000000 0,000000 0,000000
94 1686493650 1,000000 -1,000000 -101,000000 0,000000 0,000000
94 1686493651 1,400000 -1,000000 -101,000000 0,000000 0,000000
94 1686493652 1,400000 -1,000000 -101,000000 0,000000 0,000000
94 1686493653 1,400000 -1,000000 -101,000000 0,000000 0,000000
94 1686493654 1,400000 -1,000000 -101,000000 0,000000 0,000000
94 1686493655 1,400000 -1,000000 -101,000000 0,000000 0,000000
94 1686493656 1,800000 -1,000000 -101,000000 0,000000 0,000000
94 1686493657 1,800000 -1,000000 -101,000000 0,000000 0,000000
94 1686493658 1,800000 -1,000000 -101,000000 0,000000 0,000000
94 1686493659 1,800000 -1,000000 -101,000000 0,000000 0,000000
94 1686493660 1,800000 -1,000000 -101,000000 0,000000 0,000000
94 1686493661 0,600000 -1,000000 -101,000000 0,000000 0,000000
94 1686493662 0,600000 -1,000000 -101,000000 0,000000 0,000000
94 1686493663 0,600000 -1,000000 -101,000000 0,000000 0,000000
94 1686493664 0,600000 -1,000000 -101,000000 0,000000 0,000000
94 1686493665 0,600000 -1,000000 -101,000000 0,000000 0,000000
94 1686493666 1,200000 -1,000000 -101,000000 0,000000 0,000000
94 1686493667 1,200000 -1,000000 -101,000000 0,000000 0,000000
94 1686493668 1,200000 -1,000000 -101,000000 0,000000 0,000000
94 1686493669 1,200000 -1,000000 -101,000000 0,000000 0,000000
94 1686493670 1,200000 -1,000000 -101,000000 0,000000 0,000000
94 1686493671 1,400000 -1,000000 -101,000000 0,000000 0,000000
94 1686493672 1,400000 -1,000000 -101,000000 0,000000 0,000000
94 1686493673 1,400000 -1,000000 -101,000000 0,000000 0,000000
94 1686493674 1,400000 -1,000000 -101,000000 0,000000 0,000000
94 1686493675 1,400000 -1,000000 -101,000000 0,000000 0,000000
94 1686493676 0,400000 -1,000000 -101,000000 0,000000 0,000000
94 1686493677 0,400000 -1,000000 -101,000000 0,000000 0,000000
94 1686493678 0,400000 -1,000000 -101,000000 0,000000 0,000000
94 1686493679 0,400000 -1,000000 -101,000000 0,000000 0,000000
94 1686493680 0,400000 -1,000000 -101,000000 0,000000 0,000000
94 1686493681 0,800000 -1,000000 -101,000000 0,000000 0,000000
94 1686493682 0,800000 -1,000000 -101,000000 0,000000 0,000000
94 1686493683 0,800000 -1,000000 -101,000000 0,000000 0,000000
94 1686493684 0,800000 -1,000000 -101,000000 0,000000 0,000000
94 1686493685 0,800000 -1,000000 -101,000000 0,000000 0,000000
94 1686493686 1,000000 -1,000000 -101,000000 0,000000 0,000000
94 1686493687 1,000000 -1,000000 -101,000000 0,000000 0,000000
94 1686493688 1,000000 -1,000000 -101,000000 0,000000 0,000000
94 1686493689 1,000000 -1,000000 -101,000000 0,000000 0,000000
94 1686493690 1,000000 -1,000000 -101,000000 0,000000 0,000000
94 1686493691 1,000000 -1,000000 -101,000000 0,000000 0,000000
94 1686493692 1,000000 -1,000000 -101,000000 0,000000 0,000000
94 1686493693 1,000000 -1,000000 -101,000000 0,000000 0,000000
94 1686493694 1,000000 -1,000000 -101,000000 0,000000 0,000000
94 1686493695 1,000000 -1,000000 -101,000000 0,000000 0,000000
94 1686493696 1,800000 -1,000000 -101,000000 0,000000 0,000000
94 1686493697 1,800000 -1,000000 -101,000000 0,000000 0,000000
94 1686493698 1,800000 -1,000000 -101,000000 0,000000 0,000000
94 1686493699 1,800000 -1,000000 -101,000000 0,000000 0,000000
94 1686493700 1,800000 -1,000000 -101,000000 0,000000 0,000000
94 1686493701 1,400000 -1,000000 -101,000000 0,000000 0,000000
94 1686493702 1,400000 -1,000000 -101,000000 0,000000 0,000000
94 1686493703 1,400000 -1,000000 -101,000000 0,000000 0,000000
94 1686493704 1,400000 -1,000000 -101,000000 0,000000 0,000000
94 1686493705 1,400000 -1,000000 -101,000000 0,000000 0,000000
94 1686493706 1,200000 -1,000000 -101,000000 0,000000 0,000000
94 1686493707 1,200000 -1,000000 -101,000000 0,000000 0,000000
94 1686493708 1,200000 -1,000000 -101,000000 0,000000 0,000000
94 1686493709 1,200000 -1,000000 -101,000000 0,000000 0,000000
94 1686493710 1,200000 -1,000000 -101,000000 0,000000 0,000000
94 1686493711 1,000000 -1,000000 -101,000000 0,000000 0,000000
94 1686493712 1,000000 -1,000000 -101,000000 0,000000 0,000000
94 1686493713 1,000000 -1,000000 -101,000000 0,000000 0,000000
94 1686493714 1,000000 -1,000000 -101,000000 0,000000 0,000000
94 1686493715 1,000000 -1,000000 -101,000000 0,000000 0,000000
94 1686493716 0,400000 -1,000000 -101,000000 0,000000 0,000000
94 1686493717 0,400000 -1,000000 -101,000000 0,000000 0,000000
94 1686493718 0,400000 -1,000000 -101,000000 0,000000 0,000000
94 1686493719 0,400000 -1,000000 -101,000000 0,000000 0,000000
94 1686493720 0,400000 -1,000000 -101,000000 0,000000 0,000000
94 1686493721 1,400000 -1,000000 -101,000000 0,000000 0,000000
94 1686493722 1,400000 -1,000000 -101,000000 0,000000 0,000000
94 1686493723 1,400000 -1,000000 -101,000000 0,000000 0,000000
94 1686493724 1,400000 -1,000000 -101,000000 0,000000 0,000000
94 1686493725 1,400000 -1,000000 -101,000000 0,000000 0,000000
94 1686493726 0,800000 -1,000000 -101,000000 0,000000 0,000000
94 1686493727 0,800000 -1,000000 -101,000000 0,000000 0,000000
94 1686493728 0,800000 -1,000000 -101,000000 0,000000 0,000000
94 1686493729 0,800000 -1,000000 -101,000000 0,000000 0,000000
94 1686493730 0,800000 -1,000000 -101,000000 0,000000 0,000000
94 1686493731 0,800000 -1,000000 -101,000000 0,000000 0,000000
94 1686493732 0,800000 -1,000000 -101,000000 0,000000 0,000000
94 1686493733 0,800000 -1,000000 -101,000000 0,000000 0,000000
94 1686493734 0,800000 -1,000000 -101,000000 0,000000 0,000000
94 1686493735 0,800000 -1,000000 -101,000000 0,000000 0,000000
94 1686493736 1,200000 -1,000000 -101,000000 0,000000 0,000000
94 1686493737 1,200000 -1,000000 -101,000000 0,000000 0,000000
94 1686493738 1,200000 -1,000000 -101,000000 0,000000 0,000000
94 1686493739 1,200000 -1,000000 -101,000000 0,000000 0,000000
94 1686493740 1,200000 -1,000000 -101,000000 0,000000 0,000000
94 1686493741 1,000000 -1,000000 -101,000000 0,000000 0,000000
94 1686493742 1,000000 -1,000000 -101,000000 0,000000 0,000000
94 1686493743 1,000000 -1,000000 -101,000000 0,000000 0,000000
94 1686493744 1,000000 -1,000000 -101,000000 0,000000 0,000000
94 1686493745 1,000000 -1,000000 -101,000000 0,000000 0,000000
94 1686493746 1,000000 -1,000000 -101,000000 0,000000 0,000000
94 1686493747 1,000000 -1,000000 -101,000000 0,000000 0,000000
94 1686493748 1,000000 -1,000000 -101,000000 0,000000 0,000000
94 1686493749 1,000000 -1,000000 -101,000000 0,000000 0,000000
94 1686493750 1,000000 -1,000000 -101,000000 0,000000 0,000000
94 1686493751 0,800000 -1,000000 -101,000000 0,000000 0,000000
94 1686493752 0,800000 -1,000000 -101,000000 0,000000 0,000000
94 1686493753 0,800000 -1,000000 -101,000000 0,000000 0,000000
94 1686493754 0,800000 -1,000000 -101,000000 0,000000 0,000000
94 1686493755 0,800000 -1,000000 -101,000000 0,000000 0,000000
94 1686493756 0,400000 -1,000000 -101,000000 0,000000 0,000000
94 1686493757 0,400000 -1,000000 -101,000000 0,000000 0,000000
94 1686493758 0,400000 -1,000000 -101,000000 0,000000 0,000000
94 1686493759 0,400000 -1,000000 -101,000000 0,000000 0,000000
94 1686493760 0,400000 -1,000000 -101,000000 0,000000 0,000000
94 1686493761 0,600000 -1,000000 -101,000000 0,000000 0,000000
94 1686493762 0,600000 -1,000000 -101,000000 0,000000 0,000000
94 1686493763 0,600000 -1,000000 -101,000000 0,000000 0,000000
94 1686493764 0,600000 -1,000000 -101,000000 0,000000 0,000000
94 1686493765 0,600000 -1,000000 -101,000000 0,000000 0,000000
94 1686493766 0,600000 -1,000000 -101,000000 0,000000 0,000000
94 1686493767 0,600000 -1,000000 -101,000000 0,000000 0,000000
94 1686493768 0,600000 -1,000000 -101,000000 0,000000 0,000000
94 1686493769 0,600000 -1,000000 -101,000000 0,000000 0,000000
94 1686493770 0,600000 -1,000000 -101,000000 0,000000 0,000000
94 1686493771 1,000000 -1,000000 -101,000000 0,000000 0,000000
94 1686493772 1,000000 -1,000000 -101,000000 0,000000 0,000000
94 1686493773 1,000000 -1,000000 -101,000000 0,000000 0,000000
94 1686493835 1,200000 -1,000000 1,200000 1,200000 0,576000
94 1686493834 1,200000 -1,000000 1,200000 1,200000 0,576000
94 1686493833 1,200000 -1,000000 1,200000 1,200000 0,576000
94 1686493832 1,200000 -1,000000 1,200000 1,200000 0,576000
94 1686493831 1,200000 -1,000000 1,200000 1,200000 0,576000
94 1686493830 0,800000 -1,000000 0,800000 0,800000 0,256000
94 1686493829 0,800000 -1,000000 0,800000 0,800000 0,256000
94 1686493828 0,800000 -1,000000 0,800000 0,800000 0,256000
94 1686493827 0,800000 -1,000000 0,800000 0,800000 0,256000
94 1686493826 0,800000 -1,000000 0,800000 0,800000 0,256000
94 1686493825 0,400000 -1,000000 0,400000 0,400000 0,064000
94 1686493824 0,400000 -1,000000 0,400000 0,400000 0,064000
94 1686493823 0,400000 -1,000000 0,400000 0,400000 0,064000
94 1686493822 0,400000 -1,000000 0,400000 0,400000 0,064000
94 1686493821 0,400000 -1,000000 0,400000 0,400000 0,064000
94 1686493820 0,800000 -1,000000 0,800000 0,800000 0,256000
94 1686493819 0,800000 -1,000000 0,800000 0,800000 0,256000
94 1686493818 0,800000 -1,000000 0,800000 0,800000 0,256000
94 1686493817 0,800000 -1,000000 0,800000 0,800000 0,256000
94 1686493816 0,800000 -1,000000 0,800000 0,800000 0,256000
94 1686493815 1,800000 -1,000000 1,800000 1,800000 1,296000
94 1686493814 1,800000 -1,000000 1,800000 1,800000 1,296000
94 1686493813 1,800000 -1,000000 1,800000 1,800000 1,296000
94 1686493812 1,800000 -1,000000 1,800000 1,800000 1,296000
94 1686493811 1,800000 -1,000000 1,800000 1,800000 1,296000
94 1686493810 0,800000 -1,000000 0,800000 0,800000 0,256000
94 1686493809 0,800000 -1,000000 0,800000 0,800000 0,256000
94 1686493808 0,800000 -1,000000 0,800000 0,800000 0,256000
94 1686493807 0,800000 -1,000000 0,800000 0,800000 0,256000
94 1686493806 0,800000 -1,000000 0,800000 0,800000 0,256000
94 1686493805 0,800000 -1,000000 0,800000 0,800000 0,256000
94 1686493804 0,800000 -1,000000 0,800000 0,800000 0,256000
94 1686493803 0,800000 -1,000000 0,800000 0,800000 0,256000
94 1686493802 0,800000 -1,000000 0,800000 0,800000 0,256000
94 1686493801 0,800000 -1,000000 0,800000 0,800000 0,256000
94 1686493800 0,600000 -1,000000 0,600000 0,600000 0,144000
94 1686493799 0,600000 -1,000000 0,600000 0,600000 0,144000
94 1686493798 0,600000 -1,000000 0,600000 0,600000 0,144000
94 1686493797 0,600000 -1,000000 0,600000 0,600000 0,144000
94 1686493796 0,600000 -1,000000 0,600000 0,600000 0,144000
94 1686493795 2,600000 -1,000000 2,600000 2,600000 2,704000
94 1686493794 2,600000 -1,000000 2,600000 2,600000 2,704000
94 1686493793 2,600000 -1,000000 2,600000 2,600000 2,704000
94 1686493792 2,600000 -1,000000 2,600000 2,600000 2,704000
94 1686493791 2,600000 -1,000000 2,600000 2,600000 2,704000
94 1686493790 0,800000 -1,000000 0,800000 0,800000 0,256000
94 1686493789 0,800000 -1,000000 0,800000 0,800000 0,256000
94 1686493788 0,800000 -1,000000 0,800000 0,800000 0,256000
94 1686493787 0,800000 -1,000000 0,800000 0,800000 0,256000
94 1686493786 0,800000 -1,000000 0,800000 0,800000 0,256000
94 1686493785 0,600000 -1,000000 0,600000 0,600000 0,144000
94 1686493784 0,600000 -1,000000 0,600000 0,600000 0,144000
94 1686493783 0,600000 -1,000000 0,600000 0,600000 0,144000
94 1686493782 0,600000 -1,000000 0,600000 0,600000 0,144000
94 1686493781 0,600000 -1,000000 0,600000 0,600000 0,144000
94 1686493780 1,800000 -1,000000 1,800000 1,800000 1,296000
94 1686493779 1,800000 -1,000000 1,800000 1,800000 1,296000
94 1686493778 1,800000 -1,000000 1,800000 1,800000 1,296000
94 1686493777 1,800000 -1,000000 1,800000 1,800000 1,296000
94 1686493776 1,800000 -1,000000 1,800000 1,800000 1,296000
94 1686493775 1,000000 -1,000000 1,000000 1,000000 0,400000
94 1686493774 1,000000 -1,000000 1,000000 1,000000 0,400000
94 1686493774 1,000000 -1,000000 -101,000000 0,000000 0,000000
94 1686493775 1,000000 -1,000000 -101,000000 0,000000 0,000000
94 1686493776 1,800000 -1,000000 -101,000000 0,000000 0,000000
94 1686493777 1,800000 -1,000000 -101,000000 0,000000 0,000000
94 1686493778 1,800000 -1,000000 -101,000000 0,000000 0,000000
94 1686493779 1,800000 -1,000000 -101,000000 0,000000 0,000000
94 1686493780 1,800000 -1,000000 -101,000000 0,000000 0,000000
94 1686493781 0,600000 -1,000000 -101,000000 0,000000 0,000000
94 1686493782 0,600000 -1,000000 -101,000000 0,000000 0,000000
94 1686493783 0,600000 -1,000000 -101,000000 0,000000 0,000000
94 1686493784 0,600000 -1,000000 -101,000000 0,000000 0,000000
94 1686493785 0,600000 -1,000000 -101,000000 0,000000 0,000000
94 1686493786 0,800000 -1,000000 -101,000000 0,000000 0,000000
94 1686493787 0,800000 -1,000000 -101,000000 0,000000 0,000000
94 1686493788 0,800000 -1,000000 -101,000000 0,000000 0,000000
94 1686493789 0,800000 -1,000000 -101,000000 0,000000 0,000000
94 1686493790 0,800000 -1,000000 -101,000000 0,000000 0,000000
94 1686493791 2,600000 -1,000000 -101,000000 0,000000 0,000000
94 1686493792 2,600000 -1,000000 -101,000000 0,000000 0,000000
94 1686493793 2,600000 -1,000000 -101,000000 0,000000 0,000000
94 1686493794 2,600000 -1,000000 -101,000000 0,000000 0,000000
94 1686493795 2,600000 -1,000000 -101,000000 0,000000 0,000000
94 1686493796 0,600000 -1,000000 -101,000000 0,000000 0,000000
94 1686493797 0,600000 -1,000000 -101,000000 0,000000 0,000000
94 1686493798 0,600000 -1,000000 -101,000000 0,000000 0,000000
94 1686493799 0,600000 -1,000000 -101,000000 0,000000 0,000000
94 1686493800 0,600000 -1,000000 -101,000000 0,000000 0,000000
94 1686493801 0,800000 -1,000000 -101,000000 0,000000 0,000000
94 1686493802 0,800000 -1,000000 -101,000000 0,000000 0,000000
94 1686493803 0,800000 -1,000000 -101,000000 0,000000 0,000000
94 1686493804 0,800000 -1,000000 -101,000000 0,000000 0,000000
94 1686493805 0,800000 -1,000000 -101,000000 0,000000 0,000000
94 1686493806 0,800000 -1,000000 -101,000000 0,000000 0,000000
94 1686493807 0,800000 -1,000000 -101,000000 0,000000 0,000000
94 1686493808 0,800000 -1,000000 -101,000000 0,000000 0,000000
94 1686493809 0,800000 -1,000000 -101,000000 0,000000 0,000000
94 1686493810 0,800000 -1,000000 -101,000000 0,000000 0,000000
94 1686493811 1,800000 -1,000000 -101,000000 0,000000 0,000000
94 1686493812 1,800000 -1,000000 -101,000000 0,000000 0,000000
94 1686493813 1,800000 -1,000000 -101,000000 0,000000 0,000000
94 1686493814 1,800000 -1,000000 -101,000000 0,000000 0,000000
94 1686493815 1,800000 -1,000000 -101,000000 0,000000 0,000000
94 1686493816 0,800000 -1,000000 -101,000000 0,000000 0,000000
94 1686493817 0,800000 -1,000000 -101,000000 0,000000 0,000000
94 1686493818 0,800000 -1,000000 -101,000000 0,000000 0,000000
94 1686493819 0,800000 -1,000000 -101,000000 0,000000 0,000000
94 1686493820 0,800000 -1,000000 -101,000000 0,000000 0,000000
94 1686493821 0,400000 -1,000000 -101,000000 0,000000 0,000000
94 1686493822 0,400000 -1,000000 -101,000000 0,000000 0,000000
94 1686493823 0,400000 -1,000000 -101,000000 0,000000 0,000000
94 1686493824 0,400000 -1,000000 -101,000000 0,000000 0,000000
94 1686493825 0,400000 -1,000000 -101,000000 0,000000 0,000000
94 1686493826 0,800000 -1,000000 -101,000000 0,000000 0,000000
94 1686493827 0,800000 -1,000000 -101,000000 0,000000 0,000000
94 1686493828 0,800000 -1,000000 -101,000000 0,000000 0,000000
94 1686493829 0,800000 -1,000000 -101,000000 0,000000 0,000000
94 1686493830 0,800000 -1,000000 -101,000000 0,000000 0,000000
94 1686493831 1,200000 -1,000000 -101,000000 0,000000 0,000000
94 1686493832 1,200000 -1,000000 -101,000000 0,000000 0,000000
94 1686493833 1,200000 -1,000000 -101,000000 0,000000 0,000000
94 1686493834 1,200000 -1,000000 -101,000000 0,000000 0,000000
94 1686493835 1,200000 -1,000000 -101,000000 0,000000 0,000000
94 1686493836 0,600000 -1,000000 -101,000000 0,000000 0,000000
94 1686493837 0,600000 -1,000000 -101,000000 0,000000 0,000000
94 1686493838 0,600000 -1,000000 -101,000000 0,000000 0,000000
94 1686493839 0,600000 -1,000000 -101,000000 0,000000 0,000000
94 1686493840 0,600000 -1,000000 -101,000000 0,000000 0,000000
94 1686493841 1,400000 -1,000000 -101,000000 0,000000 0,000000
94 1686493842 1,400000 -1,000000 -101,000000 0,000000 0,000000
94 1686493843 1,400000 -1,000000 -101,000000 0,000000 0,000000
94 1686493844 1,400000 -1,000000 -101,000000 0,000000 0,000000
94 1686493845 1,400000 -1,000000 -101,000000 0,000000 0,000000
94 1686493846 1,200000 -1,000000 -101,000000 0,000000 0,000000
94 1686493847 1,200000 -1,000000 -101,000000 0,000000 0,000000
94 1686493848 1,200000 -1,000000 -101,000000 0,000000 0,000000
94 1686493849 1,200000 -1,000000 -101,000000 0,000000 0,000000
94 1686493850 1,200000 -1,000000 -101,000000 0,000000 0,000000
94 1686493851 1,000000 -1,000000 -101,000000 0,000000 0,000000
94 1686493852 1,000000 -1,000000 -101,000000 0,000000 0,000000
94 1686493853 1,000000 -1,000000 -101,000000 0,000000 0,000000
94 1686493854 1,000000 -1,000000 -101,000000 0,000000 0,000000
94 1686493855 1,000000 -1,000000 -101,000000 0,000000 0,000000
94 1686493856 1,800000 -1,000000 -101,000000 0,000000 0,000000
94 1686493857 1,800000 -1,000000 -101,000000 0,000000 0,000000
94 1686493858 1,800000 -1,000000 -101,000000 0,000000 0,000000
94 1686493859 1,800000 -1,000000 -101,000000 0,000000 0,000000
94 1686493860 1,800000 -1,000000 -101,000000 0,000000 0,000000
94 1686493861 0,800000 -1,000000 -101,000000 0,000000 0,000000
94 1686493862 0,800000 -1,000000 -101,000000 0,000000 0,000000
94 1686493863 0,800000 -1,000000 -101,000000 0,000000 0,000000
94 1686493864 0,800000 -1,000000 -101,000000 0,000000 0,000000
94 1686493865 0,800000 -1,000000 -101,000000 0,000000 0,000000
94 1686493866 2,000000 -1,000000 -101,000000 0,000000 0,000000
94 1686493867 2,000000 -1,000000 -101,000000 0,000000 0,000000
94 1686493868 2,000000 -1,000000 -101,000000 0,000000 0,000000
94 1686493869 2,000000 -1,000000 -101,000000 0,000000 0,000000
94 1686493870 2,000000 -1,000000 -101,000000 0,000000 0,000000
94 1686493871 2,200000 -1,000000 -101,000000 0,000000 0,000000
94 1686493872 2,200000 -1,000000 -101,000000 0,000000 0,000000
94 1686493873 2,200000 -1,000000 -101,000000 0,000000 0,000000
94 1686493874 2,200000 -1,000000 -101,000000 0,000000 0,000000
94 1686493875 2,200000 -1,000000 -101,000000 0,000000 0,000000
94 1686493876 1,200000 -1,000000 -101,000000 0,000000 0,000000
94 1686493877 1,200000 -1,000000 -101,000000 0,000000 0,000000
94 1686493878 1,200000 -1,000000 -101,000000 0,000000 0,000000
94 1686493879 1,200000 -1,000000 -101,000000 0,000000 0,000000
94 1686493880 1,200000 -1,000000 -101,000000 0,000000 0,000000
94 1686493881 2,000000 -1,000000 -101,000000 0,000000 0,000000
94 1686493882 2,000000 -1,000000 -101,000000 0,000000 0,000000
94 1686493883 2,000000 -1,000000 -101,000000 0,000000 0,000000
94 1686493884 2,000000 -1,000000 -101,000000 0,000000 0,000000
94 1686493885 2,000000 -1,000000 -101,000000 0,000000 0,000000
94 1686493886 2,400000 -1,000000 -101,000000 0,000000 0,000000
94 1686493887 2,400000 -1,000000 -101,000000 0,000000 0,000000
94 1686493888 2,400000 -1,000000 -101,000000 0,000000 0,000000
94 1686493889 2,400000 -1,000000 -101,000000 0,000000 0,000000
94 1686493890 2,400000 -1,000000 -101,000000 0,000000 0,000000
94 1686493891 0,600000 -1,000000 -101,000000 0,000000 0,000000
94 1686493892 0,600000 -1,000000 -101,000000 0,000000 0,000000
94 1686493893 0,600000 -1,000000 -101,000000 0,000000 0,000000
94 1686493894 0,600000 -1,000000 -101,000000 0,000000 0,000000
94 1686493895 0,600000 -1,000000 -101,000000 0,000000 0,000000
94 1686493896 1,600000 -1,000000 -101,000000 0,000000 0,000000
94 1686493897 1,600000 -1,000000 -101,000000 0,000000 0,000000
94 1686493898 1,600000 -1,000000 -101,000000 0,000000 0,000000
94 1686493899 1,600000 -1,000000 -101,000000 0,000000 0,000000
94 1686493900 1,600000 -1,000000 -101,000000 0,000000 0,000000
94 1686493901 0,400000 -1,000000 -101,000000 0,000000 0,000000
94 1686493902 0,400000 -1,000000 -101,000000 0,000000 0,000000
94 1686493903 0,400000 -1,000000 -101,000000 0,000000 0,000000
94 1686493904 0,400000 -1,000000 -101,000000 0,000000 0,000000
94 1686493905 0,400000 -1,000000 -101,000000 0,000000 0,000000
94 1686493906 0,600000 -1,000000 -101,000000 0,000000 0,000000
94 1686493907 0,600000 -1,000000 -101,000000 0,000000 0,000000
94 1686493908 0,600000 -1,000000 -101,000000 0,000000 0,000000
94 1686493909 0,600000 -1,000000 -101,000000 0,000000 0,000000
94 1686493910 0,600000 -1,000000 -101,000000 0,000000 0,000000
94 1686493911 1,200000 -1,000000 -101,000000 0,000000 0,000000
94 1686493912 1,200000 -1,000000 -101,000000 0,000000 0,000000
94 1686493913 1,200000 -1,000000 -101,000000 0,000000 0,000000
94 1686493914 1,200000 -1,000000 -101,000000 0,000000 0,000000
94 1686493915 1,200000 -1,000000 -101,000000 0,000000 0,000000
94 1686493916 0,600000 -1,000000 -101,000000 0,000000 0,000000
94 1686493917 0,600000 -1,000000 -101,000000 0,000000 0,000000
94 1686493918 0,600000 -1,000000 -101,000000 0,000000 0,000000
94 1686493919 0,600000 -1,000000 -101,000000 0,000000 0,000000
94 1686493920 0,600000 -1,000000 -101,000000 0,000000 0,000000
94 1686493921 1,200000 -1,000000 -101,000000 0,000000 0,000000
94 1686493922 1,200000 -1,000000 -101,000000 0,000000 0,000000
94 1686493923 1,200000 -1,000000 -101,000000 0,000000 0,000000
94 1686493924 1,200000 -1,000000 -101,000000 0,000000 0,000000
94 1686493925 1,200000 -1,000000 -101,000000 0,000000 0,000000
94 1686493926 0,600000 -1,000000 -101,000000 0,000000 0,000000
94 1686493927 0,600000 -1,000000 -101,000000 0,000000 0,000000
94 1686493928 0,600000 -1,000000 -101,000000 0,000000 0,000000
94 1686493929 0,600000 -1,000000 -101,000000 0,000000 0,000000
94 1686493930 0,600000 -1,000000 -101,000000 0,000000 0,000000
94 1686493931 1,000000 -1,000000 -101,000000 0,000000 0,000000
94 1686493932 1,000000 -1,000000 -101,000000 0,000000 0,000000
94 1686493933 1,000000 -1,000000 -101,000000 0,000000 0,000000
94 1686493934 1,000000 -1,000000 -101,000000 0,000000 0,000000
94 1686493935 1,000000 -1,000000 -101,000000 0,000000 0,000000
94 1686493936 1,000000 -1,000000 -101,000000 0,000000 0,000000
94 1686493937 1,000000 -1,000000 -101,000000 0,000000 0,000000
94 1686493938 1,000000 -1,000000 -101,000000 0,000000 0,000000
94 1686493939 1,000000 -1,000000 -101,000000 0,000000 0,000000
94 1686493940 1,000000 -1,000000 -101,000000 0,000000 0,000000
94 1686493941 0,400000 -1,000000 -101,000000 0,000000 0,000000
94 1686493942 0,400000 -1,000000 -101,000000 0,000000 0,000000
94 1686493943 0,400000 -1,000000 -101,000000 0,000000 0,000000
94 1686493944 0,400000 -1,000000 -101,000000 0,000000 0,000000
94 1686493945 0,400000 -1,000000 -101,000000 0,000000 0,000000
94 1686493946 0,800000 -1,000000 -101,000000 0,000000 0,000000
94 1686493947 0,800000 -1,000000 -101,000000 0,000000 0,000000
94 1686493948 0,800000 -1,000000 -101,000000 0,000000 0,000000
94 1686493949 0,800000 -1,000000 -101,000000 0,000000 0,000000
94 1686493950 0,800000 -1,000000 -101,000000 0,000000 0,000000
94 1686493951 1,200000 -1,000000 -101,000000 0,000000 0,000000
94 1686493952 1,200000 -1,000000 -101,000000 0,000000 0,000000
94 1686493953 1,200000 -1,000000 -101,000000 0,000000 0,000000
94 1686493954 1,200000 -1,000000 -101,000000 0,000000 0,000000
94 1686493955 1,200000 -1,000000 -101,000000 0,000000 0,000000
94 1686493956 1,000000 -1,000000 -101,000000 0,000000 0,000000
94 1686493957 1,000000 -1,000000 -101,000000 0,000000 0,000000
94 1686493958 1,000000 -1,000000 -101,000000 0,000000 0,000000
94 1686493959 1,000000 -1,000000 -101,000000 0,000000 0,000000
94 1686493960 1,000000 -1,000000 -101,000000 0,000000 0,000000
94 1686493961 0,800000 -1,000000 -101,000000 0,000000 0,000000
94 1686493962 0,800000 -1,000000 -101,000000 0,000000 0,000000
94 1686493963 0,800000 -1,000000 -101,000000 0,000000 0,000000
94 1686493964 0,800000 -1,000000 -101,000000 0,000000 0,000000
94 1686493965 0,800000 -1,000000 -101,000000 0,000000 0,000000
94 1686493966 1,600000 -1,000000 -101,000000 0,000000 0,000000
94 1686493967 1,600000 -1,000000 -101,000000 0,000000 0,000000
94 1686493968 1,600000 -1,000000 -101,000000 0,000000 0,000000
94 1686493969 1,600000 -1,000000 -101,000000 0,000000 0,000000
94 1686493970 1,600000 -1,000000 -101,000000 0,000000 0,000000
94 1686493971 1,000000 -1,000000 -101,000000 0,000000 0,000000
94 1686493972 1,000000 -1,000000 -101,000000 0,000000 0,000000
94 1686493973 1,000000 -1,000000 -101,000000 0,000000 0,000000
94 1686493974 1,000000 -1,000000 -101,000000 0,000000 0,000000
94 1686493975 1,000000 -1,000000 -101,000000 0,000000 0,000000
94 1686493976 1,400000 -1,000000 -101,000000 0,000000 0,000000
94 1686493977 1,400000 -1,000000 -101,000000 0,000000 0,000000
94 1686493978 1,400000 -1,000000 -101,000000 0,000000 0,000000
94 1686493979 1,400000 -1,000000 -101,000000 0,000000 0,000000
94 1686493980 1,400000 -1,000000 -101,000000 0,000000 0,000000
94 1686493981 1,200000 -1,000000 -101,000000 0,000000 0,000000
94 1686493982 1,200000 -1,000000 -101,000000 0,000000 0,000000
94 1686493983 1,200000 -1,000000 -101,000000 0,000000 0,000000
94 1686493984 1,200000 -1,000000 -101,000000 0,000000 0,000000
94 1686493985 1,200000 -1,000000 -101,000000 0,000000 0,000000
94 1686493986 1,400000 -1,000000 -101,000000 0,000000 0,000000
94 1686493987 1,400000 -1,000000 -101,000000 0,000000 0,000000
94 1686493988 1,400000 -1,000000 -101,000000 0,000000 0,000000
94 1686493989 1,400000 -1,000000 -101,000000 0,000000 0,000000
94 1686493990 1,400000 -1,000000 -101,000000 0,000000 0,000000
94 1686493991 1,400000 -1,000000 -101,000000 0,000000 0,000000
94 1686493992 1,400000 -1,000000 -101,000000 0,000000 0,000000
94 1686493993 1,400000 -1,000000 -101,000000 0,000000 0,000000
94 1686493994 1,400000 -1,000000 -101,000000 0,000000 0,000000
94 1686493995 1,400000 -1,000000 -101,000000 0,000000 0,000000
94 1686493996 0,200000 -1,000000 -101,000000 0,000000 0,000000
94 1686493997 0,200000 -1,000000 -101,000000 0,000000 0,000000
94 1686493998 0,200000 -1,000000 -101,000000 0,000000 0,000000
94 1686493999 0,200000 -1,000000 -101,000000 0,000000 0,000000
94 1686494000 0,200000 -1,000000 -101,000000 0,000000 0,000000
94 1686494001 0,400000 -1,000000 -101,000000 0,000000 0,000000
94 1686494002 0,400000 -1,000000 -101,000000 0,000000 0,000000
94 1686494003 0,400000 -1,000000 -101,000000 0,000000 0,000000
94 1686494004 0,400000 -1,000000 -101,000000 0,000000 0,000000
94 1686494005 0,400000 -1,000000 -101,000000 0,000000 0,000000
94 1686494006 0,800000 -1,000000 -101,000000 0,000000 0,000000
94 1686494007 0,800000 -1,000000 -101,000000 0,000000 0,000000
94 1686494008 0,800000 -1,000000 -101,000000 0,000000 0,000000
94 1686494009 0,800000 -1,000000 -101,000000 0,000000 0,000000
94 1686494010 0,800000 -1,000000 -101,000000 0,000000 0,000000
94 1686494011 0,800000 -1,000000 -101,000000 0,000000 0,000000
94 1686494012 0,800000 -1,000000 -101,000000 0,000000 0,000000
94 1686494013 0,800000 -1,000000 -101,000000 0,000000 0,000000
94 1686494014 0,800000 -1,000000 -101,000000 0,000000 0,000000
94 1686494015 0,800000 -1,000000 -101,000000 0,000000 0,000000
94 1686494016 1,200000 -1,000000 -101,000000 0,000000 0,000000
94 1686494017 1,200000 -1,000000 -101,000000 0,000000 0,000000
94 1686494018 1,200000 -1,000000 -101,000000 0,000000 0,000000
94 1686494019 1,200000 -1,000000 -101,000000 0,000000 0,000000
94 1686494020 1,200000 -1,000000 -101,000000 0,000000 0,000000
94 1686494021 0,600000 -1,000000 -101,000000 0,000000 0,000000
94 1686494022 0,600000 -1,000000 -101,000000 0,000000 0,000000
94 1686494023 0,600000 -1,000000 -101,000000 0,000000 0,000000
94 1686494024 0,600000 -1,000000 -101,000000 0,000000 0,000000
94 1686494025 0,600000 -1,000000 -101,000000 0,000000 0,000000
94 1686494026 1,600000 -1,000000 -101,000000 0,000000 0,000000
94 1686494027 1,600000 -1,000000 -101,000000 0,000000 0,000000
94 1686494028 1,600000 -1,000000 -101,000000 0,000000 0,000000
94 1686494029 1,600000 -1,000000 -101,000000 0,000000 0,000000
94 1686494030 1,600000 -1,000000 -101,000000 0,000000 0,000000
94 1686494031 0,800000 -1,000000 -101,000000 0,000000 0,000000
94 1686494032 0,800000 -1,000000 -101,000000 0,000000 0,000000
94 1686494033 0,800000 -1,000000 -101,000000 0,000000 0,000000
94 1686494034 0,800000 -1,000000 -101,000000 0,000000 0,000000
94 1686494035 0,800000 -1,000000 -101,000000 0,000000 0,000000
94 1686494036 0,600000 -1,000000 -101,000000 0,000000 0,000000
94 1686494037 0,600000 -1,000000 -101,000000 0,000000 0,000000
94 1686494038 0,600000 -1,000000 -101,000000 0,000000 0,000000
94 1686494039 0,600000 -1,000000 -101,000000 0,000000 0,000000
94 1686494040 0,600000 -1,000000 -101,000000 0,000000 0,000000
94 1686494041 0,800000 -1,000000 -101,000000 0,000000 0,000000
94 1686494042 0,800000 -1,000000 -101,000000 0,000000 0,000000
94 1686494043 0,800000 -1,000000 -101,000000 0,000000 0,000000
94 1686494044 0,800000 -1,000000 -101,000000 0,000000 0,000000
94 1686494045 0,800000 -1,000000 -101,000000 0,000000 0,000000
94 1686494046 1,000000 -1,000000 -101,000000 0,000000 0,000000
94 1686494047 1,000000 -1,000000 -101,000000 0,000000 0,000000
94 1686494048 1,000000 -1,000000 -101,000000 0,000000 0,000000
94 1686494049 1,000000 -1,000000 -101,000000 0,000000 0,000000
94 1686494050 1,000000 -1,000000 -101,000000 0,000000 0,000000
94 1686494051 1,800000 -1,000000 -101,000000 0,000000 0,000000
94 1686494052 1,800000 -1,000000 -101,000000 0,000000 0,000000
94 1686494053 1,800000 -1,000000 -101,000000 0,000000 0,000000
94 1686494054 1,800000 -1,000000 -101,000000 0,000000 0,000000
94 1686494055 1,800000 -1,000000 -101,000000 0,000000 0,000000
94 1686494056 2,400000 -1,000000 -101,000000 0,000000 0,000000
94 1686494057 2,400000 -1,000000 -101,000000 0,000000 0,000000
94 1686494058 2,400000 -1,000000 -101,000000 0,000000 0,000000
94 1686494059 2,400000 -1,000000 -101,000000 0,000000 0,000000
94 1686494060 2,400000 -1,000000 -101,000000 0,000000 0,000000
94 1686494061 1,000000 -1,000000 -101,000000 0,000000 0,000000
94 1686494062 1,000000 -1,000000 -101,000000 0,000000 0,000000
94 1686494063 1,000000 -1,000000 -101,000000 0,000000 0,000000
94 1686494064 1,000000 -1,000000 -101,000000 0,000000 0,000000
94 1686494065 1,000000 -1,000000 -101,000000 0,000000 0,000000
94 1686494066 2,000000 -1,000000 -101,000000 0,000000 0,000000
94 1686494067 2,000000 -1,000000 -101,000000 0,000000 0,000000
94 1686494068 2,000000 -1,000000 -101,000000 0,000000 0,000000
94 1686494069 2,000000 -1,000000 -101,000000 0,000000 0,000000
94 1686494070 2,000000 -1,000000 -101,000000 0,000000 0,000000
94 1686494071 1,800000 -1,000000 -101,000000 0,000000 0,000000
94 1686494072 1,800000 -1,000000 -101,000000 0,000000 0,000000
94 1686494073 1,800000 -1,000000 -101,000000 0,000000 0,000000
94 1686494074 1,800000 -1,000000 -101,000000 0,000000 0,000000
94 1686494075 1,800000 -1,000000 -101,000000 0,000000 0,000000
94 1686494076 0,800000 -1,000000 -101,000000 0,000000 0,000000
94 1686494077 0,800000 -1,000000 -101,000000 0,000000 0,000000
94 1686494078 0,800000 -1,000000 -101,000000 0,000000 0,000000
94 1686494079 0,800000 -1,000000 -101,000000 0,000000 0,000000
94 1686494080 0,800000 -1,000000 -101,000000 0,000000 0,000000
94 1686494081 0,600000 -1,000000 -101,000000 0,000000 0,000000
94 1686494082 0,600000 -1,000000 -101,000000 0,000000 0,000000
94 1686494083 0,600000 -1,000000 -101,000000 0,000000 0,000000
94 1686494084 0,600000 -1,000000 -101,000000 0,000000 0,000000
94 1686494085 0,600000 -1,000000 -101,000000 0,000000 0,000000
94 1686494086 0,600000 -1,000000 -101,000000 0,000000 0,000000
94 1686494087 0,600000 -1,000000 -101,000000 0,000000 0,000000
94 1686494088 0,600000 -1,000000 -101,000000 0,000000 0,000000
94 1686494089 0,600000 -1,000000 -101,000000 0,000000 0,000000
94 1686494090 0,600000 -1,000000 -101,000000 0,000000 0,000000
94 1686494091 0,600000 -1,000000 -101,000000 0,000000 0,000000
94 1686494092 0,600000 -1,000000 -101,000000 0,000000 0,000000
94 1686494093 0,600000 -1,000000 -101,000000 0,000000 0,000000
94 1686494094 0,600000 -1,000000 -101,000000 0,000000 0,000000
94 1686494095 0,600000 -1,000000 -101,000000 0,000000 0,000000
94 1686494096 1,000000 -1,000000 -101,000000 0,000000 0,000000
94 1686494097 1,000000 -1,000000 -101,000000 0,000000 0,000000
94 1686494098 1,000000 -1,000000 -101,000000 0,000000 0,000000
94 1686494099 1,000000 -1,000000 -101,000000 0,000000 0,000000
94 1686494100 1,000000 -1,000000 -101,000000 0,000000 0,000000
94 1686494101 1,000000 -1,000000 -101,000000 0,000000 0,000000
94 1686494102 1,000000 -1,000000 -101,000000 0,000000 0,000000
94 1686494103 1,000000 -1,000000 -101,000000 0,000000 0,000000
94 1686494104 1,000000 -1,000000 -101,000000 0,000000 0,000000
94 1686494105 1,000000 -1,000000 -101,000000 0,000000 0,000000
94 1686494106 0,600000 -1,000000 -101,000000 0,000000 0,000000
94 1686494107 0,600000 -1,000000 -101,000000 0,000000 0,000000
94 1686494108 0,600000 -1,000000 -101,000000 0,000000 0,000000
94 1686494109 0,600000 -1,000000 -101,000000 0,000000 0,000000
94 1686494110 0,600000 -1,000000 -101,000000 0,000000 0,000000
94 1686494111 1,000000 -1,000000 -101,000000 0,000000 0,000000
94 1686494112 1,000000 -1,000000 -101,000000 0,000000 0,000000
94 1686494113 1,000000 -1,000000 -101,000000 0,000000 0,000000
94 1686494114 1,000000 -1,000000 -101,000000 0,000000 0,000000
94 1686494115 1,000000 -1,000000 -101,000000 0,000000 0,000000
94 1686494116 0,600000 -1,000000 -101,000000 0,000000 0,000000
94 1686494117 0,600000 -1,000000 -101,000000 0,000000 0,000000
94 1686494118 0,600000 -1,000000 -101,000000 0,000000 0,000000
94 1686494119 0,600000 -1,000000 -101,000000 0,000000 0,000000
94 1686494120 0,600000 -1,000000 -101,000000 0,000000 0,000000
94 1686494121 1,400000 -1,000000 -101,000000 0,000000 0,000000
94 1686494122 1,400000 -1,000000 -101,000000 0,000000 0,000000
94 1686494123 1,400000 -1,000000 -101,000000 0,000000 0,000000
94 1686494124 1,400000 -1,000000 -101,000000 0,000000 0,000000
94 1686494125 1,400000 -1,000000 -101,000000 0,000000 0,000000
94 1686494126 0,800000 -1,000000 -101,000000 0,000000 0,000000
94 1686494127 0,800000 -1,000000 -101,000000 0,000000 0,000000
94 1686494128 0,800000 -1,000000 -101,000000 0,000000 0,000000
94 1686494129 0,800000 -1,000000 -101,000000 0,000000 0,000000
94 1686494130 0,800000 -1,000000 -101,000000 0,000000 0,000000
94 1686494131 0,800000 -1,000000 -101,000000 0,000000 0,000000
94 1686494132 0,800000 -1,000000 -101,000000 0,000000 0,000000
94 1686494133 0,800000 -1,000000 -101,000000 0,000000 0,000000
94 1686494134 0,800000 -1,000000 -101,000000 0,000000 0,000000
94 1686494135 0,800000 -1,000000 -101,000000 0,000000 0,000000
94 1686494136 1,600000 -1,000000 -101,000000 0,000000 0,000000
94 1686494137 1,600000 -1,000000 -101,000000 0,000000 0,000000
94 1686494138 1,600000 -1,000000 -101,000000 0,000000 0,000000
94 1686494139 1,600000 -1,000000 -101,000000 0,000000 0,000000
94 1686494140 1,600000 -1,000000 -101,000000 0,000000 0,000000
94 1686494141 1,200000 -1,000000 -101,000000 0,000000 0,000000
94 1686494142 1,200000 -1,000000 -101,000000 0,000000 0,000000
94 1686494143 1,200000 -1,000000 -101,000000 0,000000 0,000000
94 1686494144 1,200000 -1,000000 -101,000000 0,000000 0,000000
94 1686494145 1,200000 -1,000000 -101,000000 0,000000 0,000000
94 1686494146 0,800000 -1,000000 -101,000000 0,000000 0,000000
94 1686494147 0,800000 -1,000000 -101,000000 0,000000 0,000000
94 1686494148 0,800000 -1,000000 -101,000000 0,000000 0,000000
94 1686494149 0,800000 -1,000000 -101,000000 0,000000 0,000000
94 1686494150 0,800000 -1,000000 -101,000000 0,000000 0,000000
94 1686494151 1,600000 -1,000000 -101,000000 0,000000 0,000000
94 1686494152 1,600000 -1,000000 -101,000000 0,000000 0,000000
94 1686494153 1,600000 -1,000000 -101,000000 0,000000 0,000000
94 1686494154 1,600000 -1,000000 -101,000000 0,000000 0,000000
94 1686494155 1,600000 -1,000000 -101,000000 0,000000 0,000000
94 1686494156 1,000000 -1,000000 -101,000000 0,000000 0,000000
94 1686494157 1,000000 -1,000000 -101,000000 0,000000 0,000000
94 1686494158 1,000000 -1,000000 -101,000000 0,000000 0,000000
94 1686494159 1,000000 -1,000000 -101,000000 0,000000 0,000000
94 1686494160 1,000000 -1,000000 -101,000000 0,000000 0,000000
94 1686494161 1,800000 -1,000000 -101,000000 0,000000 0,000000
94 1686494162 1,800000 -1,000000 -101,000000 0,000000 0,000000
94 1686494163 1,800000 -1,000000 -101,000000 0,000000 0,000000
94 1686494164 1,800000 -1,000000 -101,000000 0,000000 0,000000
94 1686494165 1,800000 -1,000000 -101,000000 0,000000 0,000000
94 1686494166 1,000000 -1,000000 -101,000000 0,000000 0,000000
94 1686494167 1,000000 -1,000000 -101,000000 0,000000 0,000000
94 1686494168 1,000000 -1,000000 -101,000000 0,000000 0,000000
94 1686494169 1,000000 -1,000000 -101,000000 0,000000 0,000000
94 1686494170 1,000000 -1,000000 -101,000000 0,000000 0,000000
94 1686494171 2,400000 -1,000000 -101,000000 0,000000 0,000000
94 1686494172 2,400000 -1,000000 -101,000000 0,000000 0,000000
94 1686494173 2,400000 -1,000000 -101,000000 0,000000 0,000000
94 1686494174 2,400000 -1,000000 -101,000000 0,000000 0,000000
94 1686494175 2,400000 -1,000000 -101,000000 0,000000 0,000000
94 1686494176 1,000000 -1,000000 -101,000000 0,000000 0,000000
94 1686494177 1,000000 -1,000000 -101,000000 0,000000 0,000000
94 1686494178 1,000000 -1,000000 -101,000000 0,000000 0,000000
94 1686494179 1,000000 -1,000000 -101,000000 0,000000 0,000000
94 1686494180 1,000000 -1,000000 -101,000000 0,000000 0,000000
94 1686494181 0,400000 -1,000000 -101,000000 0,000000 0,000000
94 1686494182 0,400000 -1,000000 -101,000000 0,000000 0,000000
94 1686494183 0,400000 -1,000000 -101,000000 0,000000 0,000000
94 1686494184 0,400000 -1,000000 -101,000000 0,000000 0,000000
94 1686494185 0,400000 -1,000000 -101,000000 0,000000 0,000000
94 1686494186 1,200000 -1,000000 -101,000000 0,000000 0,000000
94 1686494187 1,200000 -1,000000 -101,000000 0,000000 0,000000
94 1686494188 1,200000 -1,000000 -101,000000 0,000000 0,000000
94 1686494189 1,200000 -1,000000 -101,000000 0,000000 0,000000
94 1686494190 1,200000 -1,000000 -101,000000 0,000000 0,000000
94 1686494191 1,000000 -1,000000 -101,000000 0,000000 0,000000
94 1686494192 1,000000 -1,000000 -101,000000 0,000000 0,000000
94 1686494193 1,000000 -1,000000 -101,000000 0,000000 0,000000
94 1686494194 1,000000 -1,000000 -101,000000 0,000000 0,000000
94 1686494195 1,000000 -1,000000 -101,000000 0,000000 0,000000
94 1686494196 0,600000 -1,000000 -101,000000 0,000000 0,000000
94 1686494197 0,600000 -1,000000 -101,000000 0,000000 0,000000
94 1686494198 0,600000 -1,000000 -101,000000 0,000000 0,000000
94 1686494199 0,600000 -1,000000 -101,000000 0,000000 0,000000
94 1686494200 0,600000 -1,000000 -101,000000 0,000000 0,000000
94 1686494201 0,800000 -1,000000 -101,000000 0,000000 0,000000
94 1686494202 0,800000 -1,000000 -101,000000 0,000000 0,000000
94 1686494203 0,800000 -1,000000 -101,000000 0,000000 0,000000
94 1686494204 0,800000 -1,000000 -101,000000 0,000000 0,000000
94 1686494205 0,800000 -1,000000 -101,000000 0,000000 0,000000
94 1686494206 1,200000 -1,000000 -101,000000 0,000000 0,000000
94 1686494207 1,200000 -1,000000 -101,000000 0,000000 0,000000
94 1686494208 1,200000 -1,000000 -101,000000 0,000000 0,000000
94 1686494209 1,200000 -1,000000 -101,000000 0,000000 0,000000
94 1686494210 1,200000 -1,000000 -101,000000 0,000000 0,000000
94 1686494211 0,800000 -1,000000 -101,000000 0,000000 0,000000
94 1686494212 0,800000 -1,000000 -101,000000 0,000000 0,000000
94 1686494213 0,800000 -1,000000 -101,000000 0,000000 0,000000
94 1686494214 0,800000 -1,000000 -101,000000 0,000000 0,000000
94 1686494215 0,800000 -1,000000 -101,000000 0,000000 0,000000
94 1686494216 1,600000 -1,000000 -101,000000 0,000000 0,000000
94 1686494217 1,600000 -1,000000 -101,000000 0,000000 0,000000
94 1686494218 1,600000 -1,000000 -101,000000 0,000000 0,000000
94 1686494219 1,600000 -1,000000 -101,000000 0,000000 0,000000
94 1686494220 1,600000 -1,000000 -101,000000 0,000000 0,000000
94 1686494221 0,400000 -1,000000 -101,000000 0,000000 0,000000
94 1686494222 0,400000 -1,000000 -101,000000 0,000000 0,000000
94 1686494223 0,400000 -1,000000 -101,000000 0,000000 0,000000
94 1686494224 0,400000 -1,000000 -101,000000 0,000000 0,000000
94 1686494225 0,400000 -1,000000 -101,000000 0,000000 0,000000
94 1686494226 0,800000 -1,000000 -101,000000 0,000000 0,000000
94 1686494227 0,800000 -1,000000 -101,000000 0,000000 0,000000
94 1686494228 0,800000 -1,000000 -101,000000 0,000000 0,000000
94 1686494229 0,800000 -1,000000 -101,000000 0,000000 0,000000
94 1686494230 0,800000 -1,000000 -101,000000 0,000000 0,000000
94 1686494231 2,000000 -1,000000 -101,000000 0,000000 0,000000
94 1686494232 2,000000 -1,000000 -101,000000 0,000000 0,000000
94 1686494233 2,000000 -1,000000 -101,000000 0,000000 0,000000
94 1686494234 2,000000 -1,000000 -101,000000 0,000000 0,000000
94 1686494235 2,000000 -1,000000 -101,000000 0,000000 0,000000
94 1686494236 0,800000 -1,000000 -101,000000 0,000000 0,000000
94 1686494237 0,800000 -1,000000 -101,000000 0,000000 0,000000
94 1686494238 0,800000 -1,000000 -101,000000 0,000000 0,000000
94 1686494239 0,800000 -1,000000 -101,000000 0,000000 0,000000
94 1686494240 0,800000 -1,000000 -101,000000 0,000000 0,000000
94 1686494241 1,200000 -1,000000 -101,000000 0,000000 0,000000
94 1686494242 1,200000 -1,000000 -101,000000 0,000000 0,000000
94 1686494243 1,200000 -1,000000 -101,000000 0,000000 0,000000
94 1686494244 1,200000 -1,000000 -101,000000 0,000000 0,000000
94 1686494245 1,200000 -1,000000 -101,000000 0,000000 0,000000
94 1686494246 1,800000 -1,000000 -101,000000 0,000000 0,000000
94 1686494247 1,800000 -1,000000 -101,000000 0,000000 0,000000
94 1686494248 1,800000 -1,000000 -101,000000 0,000000 0,000000
94 1686494249 1,800000 -1,000000 -101,000000 0,000000 0,000000
94 1686494250 1,800000 -1,000000 -101,000000 0,000000 0,000000
94 1686494251 2,200000 -1,000000 -101,000000 0,000000 0,000000
94 1686494252 2,200000 -1,000000 -101,000000 0,000000 0,000000
94 1686494253 2,200000 -1,000000 -101,000000 0,000000 0,000000
94 1686494254 2,200000 -1,000000 -101,000000 0,000000 0,000000
94 1686494255 2,200000 -1,000000 -101,000000 0,000000 0,000000
94 1686494256 1,200000 -1,000000 -101,000000 0,000000 0,000000
94 1686494257 1,200000 -1,000000 -101,000000 0,000000 0,000000
94 1686494258 1,200000 -1,000000 -101,000000 0,000000 0,000000
94 1686494259 1,200000 -1,000000 -101,000000 0,000000 0,000000
94 1686494260 1,200000 -1,000000 -101,000000 0,000000 0,000000
94 1686494261 1,600000 -1,000000 -101,000000 0,000000 0,000000
94 1686494262 1,600000 -1,000000 -101,000000 0,000000 0,000000
94 1686494263 1,600000 -1,000000 -101,000000 0,000000 0,000000
94 1686494264 1,600000 -1,000000 -101,000000 0,000000 0,000000
94 1686494265 1,600000 -1,000000 -101,000000 0,000000 0,000000
94 1686494266 0,600000 -1,000000 -101,000000 0,000000 0,000000
94 1686494267 0,600000 -1,000000 -101,000000 0,000000 0,000000
94 1686494268 0,600000 -1,000000 -101,000000 0,000000 0,000000
94 1686494269 0,600000 -1,000000 -101,000000 0,000000 0,000000
94 1686494270 0,600000 -1,000000 -101,000000 0,000000 0,000000
94 1686494271 1,000000 -1,000000 -101,000000 0,000000 0,000000
94 1686494272 1,000000 -1,000000 -101,000000 0,000000 0,000000
94 1686494273 1,000000 -1,000000 -101,000000 0,000000 0,000000
94 1686494274 1,000000 -1,000000 -101,000000 0,000000 0,000000
94 1686494275 1,000000 -1,000000 -101,000000 0,000000 0,000000
94 1686494276 0,400000 -1,000000 -101,000000 0,000000 0,000000
94 1686494277 0,400000 -1,000000 -101,000000 0,000000 0,000000
94 1686494278 0,400000 -1,000000 -101,000000 0,000000 0,000000
94 1686494279 0,400000 -1,000000 -101,000000 0,000000 0,000000
94 1686494280 0,400000 -1,000000 -101,000000 0,000000 0,000000
94 1686494281 1,000000 -1,000000 -101,000000 0,000000 0,000000
94 1686494282 1,000000 -1,000000 -101,000000 0,000000 0,000000
94 1686494283 1,000000 -1,000000 -101,000000 0,000000 0,000000
94 1686494284 1,000000 -1,000000 -101,000000 0,000000 0,000000
94 1686494285 1,000000 -1,000000 -101,000000 0,000000 0,000000
94 1686494286 0,400000 -1,000000 -101,000000 0,000000 0,000000
94 1686494287 0,400000 -1,000000 -101,000000 0,000000 0,000000
94 1686494288 0,400000 -1,000000 -101,000000 0,000000 0,000000
94 1686494289 0,400000 -1,000000 -101,000000 0,000000 0,000000
94 1686494290 0,400000 -1,000000 -101,000000 0,000000 0,000000
94 1686494291 0,600000 -1,000000 -101,000000 0,000000 0,000000
94 1686494292 0,600000 -1,000000 -101,000000 0,000000 0,000000
94 1686494293 0,600000 -1,000000 -101,000000 0,000000 0,000000
94 1686494294 0,600000 -1,000000 -101,000000 0,000000 0,000000
94 1686494295 0,600000 -1,000000 -101,000000 0,000000 0,000000
94 1686494296 1,200000 -1,000000 -101,000000 0,000000 0,000000
94 1686494297 1,200000 -1,000000 -101,000000 0,000000 0,000000
94 1686494298 1,200000 -1,000000 -101,000000 0,000000 0,000000
94 1686494299 1,200000 -1,000000 -101,000000 0,000000 0,000000
94 1686494300 1,200000 -1,000000 -101,000000 0,000000 0,000000
94 1686494301 0,800000 -1,000000 -101,000000 0,000000 0,000000
94 1686494302 0,800000 -1,000000 -101,000000 0,000000 0,000000
94 1686494303 0,800000 -1,000000 -101,000000 0,000000 0,000000
94 1686494304 0,800000 -1,000000 -101,000000 0,000000 0,000000
94 1686494305 0,800000 -1,000000 -101,000000 0,000000 0,000000
94 1686494306 1,000000 -1,000000 -101,000000 0,000000 0,000000
94 1686494307 1,000000 -1,000000 -101,000000 0,000000 0,000000
94 1686494308 1,000000 -1,000000 -101,000000 0,000000 0,000000
94 1686494309 1,000000 -1,000000 -101,000000 0,000000 0,000000
94 1686494310 1,000000 -1,000000 -101,000000 0,000000 0,000000
94 1686494311 1,800000 -1,000000 -101,000000 0,000000 0,000000
94 1686494312 1,800000 -1,000000 -101,000000 0,000000 0,000000
94 1686494313 1,800000 -1,000000 -101,000000 0,000000 0,000000
94 1686494314 1,800000 -1,000000 -101,000000 0,000000 0,000000
94 1686494315 1,800000 -1,000000 -101,000000 0,000000 0,000000
94 1686494316 1,200000 -1,000000 -101,000000 0,000000 0,000000
94 1686494317 1,200000 -1,000000 -101,000000 0,000000 0,000000
94 1686494318 1,200000 -1,000000 -101,000000 0,000000 0,000000
94 1686494319 1,200000 -1,000000 -101,000000 0,000000 0,000000
94 1686494320 1,200000 -1,000000 -101,000000 0,000000 0,000000
94 1686494321 1,400000 -1,000000 -101,000000 0,000000 0,000000
94 1686494322 1,400000 -1,000000 -101,000000 0,000000 0,000000
94 1686494323 1,400000 -1,000000 -101,000000 0,000000 0,000000
94 1686494324 1,400000 -1,000000 -101,000000 0,000000 0,000000
94 1686494325 1,400000 -1,000000 -101,000000 0,000000 0,000000
94 1686494326 0,600000 -1,000000 -101,000000 0,000000 0,000000
94 1686494327 0,600000 -1,000000 -101,000000 0,000000 0,000000
94 1686494328 0,600000 -1,000000 -101,000000 0,000000 0,000000
94 1686494329 0,600000 -1,000000 -101,000000 0,000000 0,000000
94 1686494330 0,600000 -1,000000 -101,000000 0,000000 0,000000
94 1686494331 0,800000 -1,000000 -101,000000 0,000000 0,000000
94 1686494332 0,800000 -1,000000 -101,000000 0,000000 0,000000
94 1686494333 0,800000 -1,000000 -101,000000 0,000000 0,000000
94 1686494334 0,800000 -1,000000 -101,000000 0,000000 0,000000
94 1686494335 0,800000 -1,000000 -101,000000 0,000000 0,000000
94 1686494336 2,000000 -1,000000 -101,000000 0,000000 0,000000
94 1686494337 2,000000 -1,000000 -101,000000 0,000000 0,000000
94 1686494338 2,000000 -1,000000 -101,000000 0,000000 0,000000
94 1686494339 2,000000 -1,000000 -101,000000 0,000000 0,000000
94 1686494340 2,000000 -1,000000 -101,000000 0,000000 0,000000
94 1686494341 0,600000 -1,000000 -101,000000 0,000000 0,000000
94 1686494342 0,600000 -1,000000 -101,000000 0,000000 0,000000
94 1686494343 0,600000 -1,000000 -101,000000 0,000000 0,000000
94 1686494344 0,600000 -1,000000 -101,000000 0,000000 0,000000
94 1686494345 0,600000 -1,000000 -101,000000 0,000000 0,000000
94 1686494346 0,800000 -1,000000 -101,000000 0,000000 0,000000
94 1686494347 0,800000 -1,000000 -101,000000 0,000000 0,000000
94 1686494348 0,800000 -1,000000 -101,000000 0,000000 0,000000
94 1686494349 0,800000 -1,000000 -101,000000 0,000000 0,000000
94 1686494350 0,800000 -1,000000 -101,000000 0,000000 0,000000
94 1686494351 1,600000 -1,000000 -101,000000 0,000000 0,000000
94 1686494352 1,600000 -1,000000 -101,000000 0,000000 0,000000
94 1686494353 1,600000 -1,000000 -101,000000 0,000000 0,000000
94 1686494354 1,600000 -1,000000 -101,000000 0,000000 0,000000
94 1686494355 1,600000 -1,000000 -101,000000 0,000000 0,000000
94 1686494356 0,800000 -1,000000 -101,000000 0,000000 0,000000
94 1686494357 0,800000 -1,000000 -101,000000 0,000000 0,000000
94 1686494358 0,800000 -1,000000 -101,000000 0,000000 0,000000
94 1686494359 0,800000 -1,000000 -101,000000 0,000000 0,000000
94 1686494360 0,800000 -1,000000 -101,000000 0,000000 0,000000
94 1686494361 0,400000 -1,000000 -101,000000 0,000000 0,000000
94 1686494362 0,400000 -1,000000 -101,000000 0,000000 0,000000
94 1686494363 0,400000 -1,000000 -101,000000 0,000000 0,000000
94 1686494364 0,400000 -1,000000 -101,000000 0,000000 0,000000
94 1686494365 0,400000 -1,000000 -101,000000 0,000000 0,000000
94 1686494366 0,600000 -1,000000 -101,000000 0,000000 0,000000
94 1686494367 0,600000 -1,000000 -101,000000 0,000000 0,000000
94 1686494368 0,600000 -1,000000 -101,000000 0,000000 0,000000
94 1686494369 0,600000 -1,000000 -101,000000 0,000000 0,000000
94 1686494370 0,600000 -1,000000 -101,000000 0,000000 0,000000
94 1686494371 0,600000 -1,000000 -101,000000 0,000000 0,000000
94 1686494372 0,600000 -1,000000 -101,000000 0,000000 0,000000
94 1686494373 0,600000 -1,000000 -101,000000 0,000000 0,000000
94 1686494374 0,600000 -1,000000 -101,000000 0,000000 0,000000
94 1686494375 0,600000 -1,000000 -101,000000 0,000000 0,000000
94 1686494376 1,000000 -1,000000 -101,000000 0,000000 0,000000
94 1686494377 1,000000 -1,000000 -101,000000 0,000000 0,000000
94 1686494378 1,000000 -1,000000 -101,000000 0,000000 0,000000
94 1686494379 1,000000 -1,000000 -101,000000 0,000000 0,000000
94 1686494380 1,000000 -1,000000 -101,000000 0,000000 0,000000
94 1686494381 0,600000 -1,000000 -101,000000 0,000000 0,000000
94 1686494382 0,600000 -1,000000 -101,000000 0,000000 0,000000
94 1686494383 0,600000 -1,000000 -101,000000 0,000000 0,000000
94 1686494384 0,600000 -1,000000 -101,000000 0,000000 0,000000
94 1686494385 0,600000 -1,000000 -101,000000 0,000000 0,000000
94 1686494386 0,800000 -1,000000 -101,000000 0,000000 0,000000
94 1686494387 0,800000 -1,000000 -101,000000 0,000000 0,000000
94 1686494388 0,800000 -1,000000 -101,000000 0,000000 0,000000
94 1686494389 0,800000 -1,000000 -101,000000 0,000000 0,000000
94 1686494390 0,800000 -1,000000 -101,000000 0,000000 0,000000
94 1686494391 1,800000 -1,000000 -101,000000 0,000000 0,000000
94 1686494392 1,800000 -1,000000 -101,000000 0,000000 0,000000
94 1686494393 1,800000 -1,000000 -101,000000 0,000000 0,000000
94 1686494394 1,800000 -1,000000 -101,000000 0,000000 0,000000
94 1686494395 1,800000 -1,000000 -101,000000 0,000000 0,000000
94 1686494396 0,400000 -1,000000 -101,000000 0,000000 0,000000
94 1686494397 0,400000 -1,000000 -101,000000 0,000000 0,000000
94 1686494398 0,400000 -1,000000 -101,000000 0,000000 0,000000
94 1686494399 0,400000 -1,000000 -101,000000 0,000000 0,000000
94 1686494400 0,400000 -1,000000 -101,000000 0,000000 0,000000
94 1686494401 0,800000 -1,000000 -101,000000 0,000000 0,000000
94 1686494402 0,800000 -1,000000 -101,000000 0,000000 0,000000
94 1686494403 0,800000 -1,000000 -101,000000 0,000000 0,000000
94 1686494404 0,800000 -1,000000 -101,000000 0,000000 0,000000
94 1686494405 0,800000 -1,000000 -101,000000 0,000000 0,000000
94 1686494406 2,200000 -1,000000 -101,000000 0,000000 0,000000
94 1686494407 2,200000 -1,000000 -101,000000 0,000000 0,000000
94 1686494408 2,200000 -1,000000 -101,000000 0,000000 0,000000
94 1686494409 2,200000 -1,000000 -101,000000 0,000000 0,000000
94 1686494410 2,200000 -1,000000 -101,000000 0,000000 0,000000
94 1686494411 0,800000 -1,000000 -101,000000 0,000000 0,000000
94 1686494412 0,800000 -1,000000 -101,000000 0,000000 0,000000
94 1686494413 0,800000 -1,000000 -101,000000 0,000000 0,000000
94 1686494414 0,800000 -1,000000 -101,000000 0,000000 0,000000
94 1686494415 0,800000 -1,000000 -101,000000 0,000000 0,000000
94 1686494416 1,200000 -1,000000 -101,000000 0,000000 0,000000
94 1686494417 1,200000 -1,000000 -101,000000 0,000000 0,000000
94 1686494418 1,200000 -1,000000 -101,000000 0,000000 0,000000
94 1686494419 1,200000 -1,000000 -101,000000 0,000000 0,000000
94 1686494420 1,200000 -1,000000 -101,000000 0,000000 0,000000
94 1686494421 0,600000 -1,000000 -101,000000 0,000000 0,000000
94 1686494422 0,600000 -1,000000 -101,000000 0,000000 0,000000
94 1686494423 0,600000 -1,000000 -101,000000 0,000000 0,000000
94 1686494424 0,600000 -1,000000 -101,000000 0,000000 0,000000
94 1686494425 0,600000 -1,000000 -101,000000 0,000000 0,000000
94 1686494426 1,800000 -1,000000 -101,000000 0,000000 0,000000
94 1686494427 1,800000 -1,000000 -101,000000 0,000000 0,000000
94 1686494428 1,800000 -1,000000 -101,000000 0,000000 0,000000
94 1686494429 1,800000 -1,000000 -101,000000 0,000000 0,000000
94 1686494430 1,800000 -1,000000 -101,000000 0,000000 0,000000
94 1686494431 1,000000 -1,000000 -101,000000 0,000000 0,000000
94 1686494432 1,000000 -1,000000 -101,000000 0,000000 0,000000
94 1686494433 1,000000 -1,000000 -101,000000 0,000000 0,000000
94 1686494434 1,000000 -1,000000 -101,000000 0,000000 0,000000
94 1686494435 1,000000 -1,000000 -101,000000 0,000000 0,000000
94 1686494436 0,600000 -1,000000 -101,000000 0,000000 0,000000
94 1686494437 0,600000 -1,000000 -101,000000 0,000000 0,000000
94 1686494438 0,600000 -1,000000 -101,000000 0,000000 0,000000
94 1686494439 0,600000 -1,000000 -101,000000 0,000000 0,000000
94 1686494440 0,600000 -1,000000 -101,000000 0,000000 0,000000
94 1686494441 1,000000 -1,000000 -101,000000 0,000000 0,000000
94 1686494442 1,000000 -1,000000 -101,000000 0,000000 0,000000
94 1686494443 1,000000 -1,000000 -101,000000 0,000000 0,000000
94 1686494444 1,000000 -1,000000 -101,000000 0,000000 0,000000
94 1686494445 1,000000 -1,000000 -101,000000 0,000000 0,000000
94 1686494446 1,200000 -1,000000 -101,000000 0,000000 0,000000
94 1686494447 1,200000 -1,000000 -101,000000 0,000000 0,000000
94 1686494448 1,200000 -1,000000 -101,000000 0,000000 0,000000
94 1686494449 1,200000 -1,000000 -101,000000 0,000000 0,000000
94 1686494450 1,200000 -1,000000 -101,000000 0,000000 0,000000
94 1686494451 2,200000 -1,000000 -101,000000 0,000000 0,000000
94 1686494452 2,200000 -1,000000 -101,000000 0,000000 0,000000
94 1686494453 2,200000 -1,000000 -101,000000 0,000000 0,000000
94 1686494454 2,200000 -1,000000 -101,000000 0,000000 0,000000
94 1686494455 2,200000 -1,000000 -101,000000 0,000000 0,000000
94 1686494456 1,400000 -1,000000 -101,000000 0,000000 0,000000
94 1686494457 1,400000 -1,000000 -101,000000 0,000000 0,000000
94 1686494458 1,400000 -1,000000 -101,000000 0,000000 0,000000
94 1686494459 1,400000 -1,000000 -101,000000 0,000000 0,000000
94 1686494460 1,400000 -1,000000 -101,000000 0,000000 0,000000
94 1686494461 1,600000 -1,000000 -101,000000 0,000000 0,000000
94 1686494462 1,600000 -1,000000 -101,000000 0,000000 0,000000
94 1686494463 1,600000 -1,000000 -101,000000 0,000000 0,000000
94 1686494464 1,600000 -1,000000 -101,000000 0,000000 0,000000
94 1686494465 1,600000 -1,000000 -101,000000 0,000000 0,000000
94 1686494466 0,800000 -1,000000 -101,000000 0,000000 0,000000
94 1686494467 0,800000 -1,000000 -101,000000 0,000000 0,000000
94 1686494468 0,800000 -1,000000 -101,000000 0,000000 0,000000
94 1686494469 0,800000 -1,000000 -101,000000 0,000000 0,000000
94 1686494470 0,800000 -1,000000 -101,000000 0,000000 0,000000
94 1686494471 1,600000 -1,000000 -101,000000 0,000000 0,000000
94 1686494472 1,600000 -1,000000 -101,000000 0,000000 0,000000
94 1686494473 1,600000 -1,000000 -101,000000 0,000000 0,000000
94 1686494474 1,600000 -1,000000 -101,000000 0,000000 0,000000
94 1686494475 1,600000 -1,000000 -101,000000 0,000000 0,000000
94 1686494476 1,000000 -1,000000 -101,000000 0,000000 0,000000
94 1686494477 1,000000 -1,000000 -101,000000 0,000000 0,000000
94 1686494478 1,000000 -1,000000 -101,000000 0,000000 0,000000
94 1686494479 1,000000 -1,000000 -101,000000 0,000000 0,000000
94 1686494480 1,000000 -1,000000 -101,000000 0,000000 0,000000
94 1686494481 1,200000 -1,000000 -101,000000 0,000000 0,000000
94 1686494482 1,200000 -1,000000 -101,000000 0,000000 0,000000
94 1686494483 1,200000 -1,000000 -101,000000 0,000000 0,000000
94 1686494484 1,200000 -1,000000 -101,000000 0,000000 0,000000
94 1686494485 1,200000 -1,000000 -101,000000 0,000000 0,000000
94 1686494486 1,600000 -1,000000 -101,000000 0,000000 0,000000
94 1686494487 1,600000 -1,000000 -101,000000 0,000000 0,000000
94 1686494488 1,600000 -1,000000 -101,000000 0,000000 0,000000
94 1686494489 1,600000 -1,000000 -101,000000 0,000000 0,000000
94 1686494490 1,600000 -1,000000 -101,000000 0,000000 0,000000
94 1686494491 1,200000 -1,000000 -101,000000 0,000000 0,000000
94 1686494492 1,200000 -1,000000 -101,000000 0,000000 0,000000
94 1686494493 1,200000 -1,000000 -101,000000 0,000000 0,000000
94 1686494494 1,200000 -1,000000 -101,000000 0,000000 0,000000
94 1686494495 1,200000 -1,000000 -101,000000 0,000000 0,000000
94 1686494496 3,000000 -1,000000 -101,000000 0,000000 0,000000
94 1686494497 3,000000 -1,000000 -101,000000 0,000000 0,000000
94 1686494498 3,000000 -1,000000 -101,000000 0,000000 0,000000
94 1686494499 3,000000 -1,000000 -101,000000 0,000000 0,000000
94 1686494500 3,000000 -1,000000 -101,000000 0,000000 0,000000
94 1686494501 0,400000 -1,000000 -101,000000 0,000000 0,000000
94 1686494502 0,400000 -1,000000 -101,000000 0,000000 0,000000
94 1686494503 0,400000 -1,000000 -101,000000 0,000000 0,000000
94 1686494504 0,400000 -1,000000 -101,000000 0,000000 0,000000
94 1686494505 0,400000 -1,000000 -101,000000 0,000000 0,000000
94 1686494506 0,600000 -1,000000 -101,000000 0,000000 0,000000
94 1686494507 0,600000 -1,000000 -101,000000 0,000000 0,000000
94 1686494508 0,600000 -1,000000 -101,000000 0,000000 0,000000
94 1686494509 0,600000 -1,000000 -101,000000 0,000000 0,000000
94 1686494510 0,600000 -1,000000 -101,000000 0,000000 0,000000
94 1686494511 1,800000 -1,000000 -101,000000 0,000000 0,000000
94 1686494512 1,800000 -1,000000 -101,000000 0,000000 0,000000
94 1686494513 1,800000 -1,000000 -101,000000 0,000000 0,000000
94 1686494514 1,800000 -1,000000 -101,000000 0,000000 0,000000
94 1686494515 1,800000 -1,000000 -101,000000 0,000000 0,000000
94 1686494516 0,400000 -1,000000 -101,000000 0,000000 0,000000
94 1686494517 0,400000 -1,000000 -101,000000 0,000000 0,000000
94 1686494518 0,400000 -1,000000 -101,000000 0,000000 0,000000
94 1686494519 0,400000 -1,000000 -101,000000 0,000000 0,000000
94 1686494520 0,400000 -1,000000 -101,000000 0,000000 0,000000
94 1686494521 0,600000 -1,000000 -101,000000 0,000000 0,000000
94 1686494522 0,600000 -1,000000 -101,000000 0,000000 0,000000
94 1686494523 0,600000 -1,000000 -101,000000 0,000000 0,000000
94 1686494524 0,600000 -1,000000 -101,000000 0,000000 0,000000
94 1686494525 0,600000 -1,000000 -101,000000 0,000000 0,000000
94 1686494526 0,800000 -1,000000 -101,000000 0,000000 0,000000
94 1686494527 0,800000 -1,000000 -101,000000 0,000000 0,000000
94 1686494528 0,800000 -1,000000 -101,000000 0,000000 0,000000
94 1686494529 0,800000 -1,000000 -101,000000 0,000000 0,000000
94 1686494530 0,800000 -1,000000 -101,000000 0,000000 0,000000
94 1686494531 1,200000 -1,000000 -101,000000 0,000000 0,000000
94 1686494532 1,200000 -1,000000 -101,000000 0,000000 0,000000
94 1686494533 1,200000 -1,000000 -101,000000 0,000000 0,000000
94 1686494534 1,200000 -1,000000 -101,000000 0,000000 0,000000
94 1686494535 1,200000 -1,000000 -101,000000 0,000000 0,000000
94 1686494536 1,000000 -1,000000 -101,000000 0,000000 0,000000
94 1686494537 1,000000 -1,000000 -101,000000 0,000000 0,000000
94 1686494538 1,000000 -1,000000 -101,000000 0,000000 0,000000
94 1686494539 1,000000 -1,000000 -101,000000 0,000000 0,000000
94 1686494540 1,000000 -1,000000 -101,000000 0,000000 0,000000
94 1686494541 0,400000 -1,000000 -101,000000 0,000000 0,000000
94 1686494542 0,400000 -1,000000 -101,000000 0,000000 0,000000
94 1686494543 0,400000 -1,000000 -101,000000 0,000000 0,000000
94 1686494544 0,400000 -1,000000 -101,000000 0,000000 0,000000
94 1686494545 0,400000 -1,000000 -101,000000 0,000000 0,000000
94 1686494546 1,200000 -1,000000 -101,000000 0,000000 0,000000
94 1686494547 1,200000 -1,000000 -101,000000 0,000000 0,000000
94 1686494548 1,200000 -1,000000 -101,000000 0,000000 0,000000
94 1686494549 1,200000 -1,000000 -101,000000 0,000000 0,000000
94 1686494550 1,200000 -1,000000 -101,000000 0,000000 0,000000
94 1686494551 1,000000 -1,000000 -101,000000 0,000000 0,000000
94 1686494552 1,000000 -1,000000 -101,000000 0,000000 0,000000
94 1686494553 1,000000 -1,000000 -101,000000 0,000000 0,000000
94 1686494554 1,000000 -1,000000 -101,000000 0,000000 0,000000
