120 1686493251 0,200000 -1,000000 -101,000000 0,000000 0,000000
120 1686493252 0,200000 -1,000000 -101,000000 0,000000 0,000000
120 1686493253 0,200000 -1,000000 -101,000000 0,000000 0,000000
120 1686493254 0,200000 -1,000000 -101,000000 0,000000 0,000000
120 1686493255 0,200000 -1,000000 -101,000000 0,000000 0,000000
120 1686493266 0,200000 -1,000000 -101,000000 0,000000 0,000000
120 1686493267 0,200000 -1,000000 -101,000000 0,000000 0,000000
120 1686493268 0,200000 -1,000000 -101,000000 0,000000 0,000000
120 1686493269 0,200000 -1,000000 -101,000000 0,000000 0,000000
120 1686493270 0,200000 -1,000000 -101,000000 0,000000 0,000000
120 1686493271 0,200000 -1,000000 -101,000000 0,000000 0,000000
120 1686493272 0,200000 -1,000000 -101,000000 0,000000 0,000000
120 1686493273 0,200000 -1,000000 -101,000000 0,000000 0,000000
120 1686493274 0,200000 -1,000000 -101,000000 0,000000 0,000000
120 1686493275 0,200000 -1,000000 -101,000000 0,000000 0,000000
120 1686493291 0,200000 -1,000000 -101,000000 0,000000 0,000000
120 1686493292 0,200000 -1,000000 -101,000000 0,000000 0,000000
120 1686493293 0,200000 -1,000000 -101,000000 0,000000 0,000000
120 1686493294 0,200000 -1,000000 -101,000000 0,000000 0,000000
120 1686493295 0,200000 -1,000000 -101,000000 0,000000 0,000000
120 1686493331 0,200000 -1,000000 -101,000000 0,000000 0,000000
120 1686493332 0,200000 -1,000000 -101,000000 0,000000 0,000000
120 1686493333 0,200000 -1,000000 -101,000000 0,000000 0,000000
120 1686493334 0,200000 -1,000000 -101,000000 0,000000 0,000000
120 1686493335 0,200000 -1,000000 -101,000000 0,000000 0,000000
120 1686493371 0,200000 -1,000000 -101,000000 0,000000 0,000000
120 1686493372 0,200000 -1,000000 -101,000000 0,000000 0,000000
120 1686493373 0,200000 -1,000000 -101,000000 0,000000 0,000000
120 1686493374 0,200000 -1,000000 -101,000000 0,000000 0,000000
120 1686493375 0,200000 -1,000000 -101,000000 0,000000 0,000000
120 1686493406 0,200000 -1,000000 -101,000000 0,000000 0,000000
120 1686493407 0,200000 -1,000000 -101,000000 0,000000 0,000000
120 1686493408 0,200000 -1,000000 -101,000000 0,000000 0,000000
120 1686493409 0,200000 -1,000000 -101,000000 0,000000 0,000000
120 1686493410 0,200000 -1,000000 -101,000000 0,000000 0,000000
120 1686493411 0,200000 -1,000000 -101,000000 0,000000 0,000000
120 1686493412 0,200000 -1,000000 -101,000000 0,000000 0,000000
120 1686493413 0,200000 -1,000000 -101,000000 0,000000 0,000000
120 1686493414 0,200000 -1,000000 -101,000000 0,000000 0,000000
120 1686493415 0,200000 -1,000000 -101,000000 0,000000 0,000000
120 1686493446 0,200000 -1,000000 -101,000000 0,000000 0,000000
120 1686493447 0,200000 -1,000000 -101,000000 0,000000 0,000000
120 1686493448 0,200000 -1,000000 -101,000000 0,000000 0,000000
120 1686493449 0,200000 -1,000000 -101,000000 0,000000 0,000000
120 1686493450 0,200000 -1,000000 -101,000000 0,000000 0,000000
120 1686493456 0,200000 -1,000000 -101,000000 0,000000 0,000000
120 1686493457 0,200000 -1,000000 -101,000000 0,000000 0,000000
120 1686493458 0,200000 -1,000000 -101,000000 0,000000 0,000000
120 1686493459 0,200000 -1,000000 -101,000000 0,000000 0,000000
120 1686493460 0,200000 -1,000000 -101,000000 0,000000 0,000000
120 1686493486 0,200000 -1,000000 -101,000000 0,000000 0,000000
120 1686493487 0,200000 -1,000000 -101,000000 0,000000 0,000000
120 1686493488 0,200000 -1,000000 -101,000000 0,000000 0,000000
120 1686493489 0,200000 -1,000000 -101,000000 0,000000 0,000000
120 1686493490 0,200000 -1,000000 -101,000000 0,000000 0,000000
120 1686493491 0,200000 -1,000000 -101,000000 0,000000 0,000000
120 1686493492 0,200000 -1,000000 -101,000000 0,000000 0,000000
120 1686493493 0,200000 -1,000000 -101,000000 0,000000 0,000000
120 1686493494 0,200000 -1,000000 -101,000000 0,000000 0,000000
120 1686493495 0,200000 -1,000000 -101,000000 0,000000 0,000000
120 1686493496 0,200000 -1,000000 -101,000000 0,000000 0,000000
120 1686493497 0,200000 -1,000000 -101,000000 0,000000 0,000000
120 1686493498 0,200000 -1,000000 -101,000000 0,000000 0,000000
120 1686493499 0,200000 -1,000000 -101,000000 0,000000 0,000000
120 1686493500 0,200000 -1,000000 -101,000000 0,000000 0,000000
120 1686493531 0,200000 -1,000000 -101,000000 0,000000 0,000000
120 1686493532 0,200000 -1,000000 -101,000000 0,000000 0,000000
120 1686493533 0,200000 -1,000000 -101,000000 0,000000 0,000000
120 1686493534 0,200000 -1,000000 -101,000000 0,000000 0,000000
120 1686493535 0,200000 -1,000000 -101,000000 0,000000 0,000000
120 1686493546 0,200000 -1,000000 -101,000000 0,000000 0,000000
120 1686493547 0,200000 -1,000000 -101,000000 0,000000 0,000000
120 1686493548 0,200000 -1,000000 -101,000000 0,000000 0,000000
120 1686493549 0,200000 -1,000000 -101,000000 0,000000 0,000000
120 1686493550 0,200000 -1,000000 -101,000000 0,000000 0,000000
120 1686493571 0,200000 -1,000000 -101,000000 0,000000 0,000000
120 1686493572 0,200000 -1,000000 -101,000000 0,000000 0,000000
120 1686493573 0,200000 -1,000000 -101,000000 0,000000 0,000000
120 1686493574 0,200000 -1,000000 -101,000000 0,000000 0,000000
120 1686493575 0,200000 -1,000000 -101,000000 0,000000 0,000000
120 1686493606 0,200000 -1,000000 -101,000000 0,000000 0,000000
120 1686493607 0,200000 -1,000000 -101,000000 0,000000 0,000000
120 1686493608 0,200000 -1,000000 -101,000000 0,000000 0,000000
120 1686493609 0,200000 -1,000000 -101,000000 0,000000 0,000000
120 1686493610 0,200000 -1,000000 -101,000000 0,000000 0,000000
120 1686493611 0,200000 -1,000000 -101,000000 0,000000 0,000000
120 1686493612 0,200000 -1,000000 -101,000000 0,000000 0,000000
120 1686493613 0,200000 -1,000000 -101,000000 0,000000 0,000000
120 1686493614 0,200000 -1,000000 -101,000000 0,000000 0,000000
120 1686493615 0,200000 -1,000000 -101,000000 0,000000 0,000000
120 1686493646 0,200000 -1,000000 -101,000000 0,000000 0,000000
120 1686493647 0,200000 -1,000000 -101,000000 0,000000 0,000000
120 1686493648 0,200000 -1,000000 -101,000000 0,000000 0,000000
120 1686493649 0,200000 -1,000000 -101,000000 0,000000 0,000000
120 1686493650 0,200000 -1,000000 -101,000000 0,000000 0,000000
120 1686493686 0,200000 -1,000000 -101,000000 0,000000 0,000000
120 1686493687 0,200000 -1,000000 -101,000000 0,000000 0,000000
120 1686493688 0,200000 -1,000000 -101,000000 0,000000 0,000000
120 1686493689 0,200000 -1,000000 -101,000000 0,000000 0,000000
120 1686493690 0,200000 -1,000000 -101,000000 0,000000 0,000000
120 1686493691 0,200000 -1,000000 -101,000000 0,000000 0,000000
120 1686493692 0,200000 -1,000000 -101,000000 0,000000 0,000000
120 1686493693 0,200000 -1,000000 -101,000000 0,000000 0,000000
120 1686493694 0,200000 -1,000000 -101,000000 0,000000 0,000000
120 1686493695 0,200000 -1,000000 -101,000000 0,000000 0,000000
120 1686493711 0,200000 -1,000000 -101,000000 0,000000 0,000000
120 1686493712 0,200000 -1,000000 -101,000000 0,000000 0,000000
120 1686493713 0,200000 -1,000000 -101,000000 0,000000 0,000000
120 1686493714 0,200000 -1,000000 -101,000000 0,000000 0,000000
120 1686493715 0,200000 -1,000000 -101,000000 0,000000 0,000000
120 1686493726 0,200000 -1,000000 -101,000000 0,000000 0,000000
120 1686493727 0,200000 -1,000000 -101,000000 0,000000 0,000000
120 1686493728 0,200000 -1,000000 -101,000000 0,000000 0,000000
120 1686493729 0,200000 -1,000000 -101,000000 0,000000 0,000000
120 1686493730 0,200000 -1,000000 -101,000000 0,000000 0,000000
120 1686493731 0,200000 -1,000000 -101,000000 0,000000 0,000000
120 1686493732 0,200000 -1,000000 -101,000000 0,000000 0,000000
120 1686493733 0,200000 -1,000000 -101,000000 0,000000 0,000000
120 1686493734 0,200000 -1,000000 -101,000000 0,000000 0,000000
120 1686493735 0,200000 -1,000000 -101,000000 0,000000 0,000000
120 1686493741 0,200000 -1,000000 -101,000000 0,000000 0,000000
120 1686493742 0,200000 -1,000000 -101,000000 0,000000 0,000000
120 1686493743 0,200000 -1,000000 -101,000000 0,000000 0,000000
120 1686493744 0,200000 -1,000000 -101,000000 0,000000 0,000000
120 1686493745 0,200000 -1,000000 -101,000000 0,000000 0,000000
120 1686493771 0,200000 -1,000000 -101,000000 0,000000 0,000000
120 1686493772 0,200000 -1,000000 -101,000000 0,000000 0,000000
120 1686493773 0,200000 -1,000000 -101,000000 0,000000 0,000000
120 1686493835 0,200000 -1,000000 0,200000 0,200000 0,016000
120 1686493834 0,200000 -1,000000 0,200000 0,200000 0,016000
120 1686493833 0,200000 -1,000000 0,200000 0,200000 0,016000
120 1686493832 0,200000 -1,000000 0,200000 0,200000 0,016000
120 1686493831 0,200000 -1,000000 0,200000 0,200000 0,016000
120 1686493830 0,200000 -1,000000 0,200000 0,200000 0,016000
120 1686493829 0,200000 -1,000000 0,200000 0,200000 0,016000
120 1686493828 0,200000 -1,000000 0,200000 0,200000 0,016000
120 1686493827 0,200000 -1,000000 0,200000 0,200000 0,016000
120 1686493826 0,200000 -1,000000 0,200000 0,200000 0,016000
120 1686493815 0,200000 -1,000000 0,200000 0,200000 0,016000
120 1686493814 0,200000 -1,000000 0,200000 0,200000 0,016000
120 1686493813 0,200000 -1,000000 0,200000 0,200000 0,016000
120 1686493812 0,200000 -1,000000 0,200000 0,200000 0,016000
120 1686493811 0,200000 -1,000000 0,200000 0,200000 0,016000
120 1686493810 0,200000 -1,000000 0,200000 0,200000 0,016000
120 1686493809 0,200000 -1,000000 0,200000 0,200000 0,016000
120 1686493808 0,200000 -1,000000 0,200000 0,200000 0,016000
120 1686493807 0,200000 -1,000000 0,200000 0,200000 0,016000
120 1686493806 0,200000 -1,000000 0,200000 0,200000 0,016000
120 1686493775 0,200000 -1,000000 0,200000 0,200000 0,016000
120 1686493774 0,200000 -1,000000 0,200000 0,200000 0,016000
120 1686493774 0,200000 -1,000000 -101,000000 0,000000 0,000000
120 1686493775 0,200000 -1,000000 -101,000000 0,000000 0,000000
120 1686493806 0,200000 -1,000000 -101,000000 0,000000 0,000000
120 1686493807 0,200000 -1,000000 -101,000000 0,000000 0,000000
120 1686493808 0,200000 -1,000000 -101,000000 0,000000 0,000000
120 1686493809 0,200000 -1,000000 -101,000000 0,000000 0,000000
120 1686493810 0,200000 -1,000000 -101,000000 0,000000 0,000000
120 1686493811 0,200000 -1,000000 -101,000000 0,000000 0,000000
120 1686493812 0,200000 -1,000000 -101,000000 0,000000 0,000000
120 1686493813 0,200000 -1,000000 -101,000000 0,000000 0,000000
120 1686493814 0,200000 -1,000000 -101,000000 0,000000 0,000000
120 1686493815 0,200000 -1,000000 -101,000000 0,000000 0,000000
120 1686493826 0,200000 -1,000000 -101,000000 0,000000 0,000000
120 1686493827 0,200000 -1,000000 -101,000000 0,000000 0,000000
120 1686493828 0,200000 -1,000000 -101,000000 0,000000 0,000000
120 1686493829 0,200000 -1,000000 -101,000000 0,000000 0,000000
120 1686493830 0,200000 -1,000000 -101,000000 0,000000 0,000000
120 1686493831 0,200000 -1,000000 -101,000000 0,000000 0,000000
120 1686493832 0,200000 -1,000000 -101,000000 0,000000 0,000000
120 1686493833 0,200000 -1,000000 -101,000000 0,000000 0,000000
120 1686493834 0,200000 -1,000000 -101,000000 0,000000 0,000000
120 1686493835 0,200000 -1,000000 -101,000000 0,000000 0,000000
120 1686493846 0,200000 -1,000000 -101,000000 0,000000 0,000000
120 1686493847 0,200000 -1,000000 -101,000000 0,000000 0,000000
120 1686493848 0,200000 -1,000000 -101,000000 0,000000 0,000000
120 1686493849 0,200000 -1,000000 -101,000000 0,000000 0,000000
120 1686493850 0,200000 -1,000000 -101,000000 0,000000 0,000000
120 1686493851 0,200000 -1,000000 -101,000000 0,000000 0,000000
120 1686493852 0,200000 -1,000000 -101,000000 0,000000 0,000000
120 1686493853 0,200000 -1,000000 -101,000000 0,000000 0,000000
120 1686493854 0,200000 -1,000000 -101,000000 0,000000 0,000000
120 1686493855 0,200000 -1,000000 -101,000000 0,000000 0,000000
120 1686493871 0,200000 -1,000000 -101,000000 0,000000 0,000000
120 1686493872 0,200000 -1,000000 -101,000000 0,000000 0,000000
120 1686493873 0,200000 -1,000000 -101,000000 0,000000 0,000000
120 1686493874 0,200000 -1,000000 -101,000000 0,000000 0,000000
120 1686493875 0,200000 -1,000000 -101,000000 0,000000 0,000000
120 1686493891 0,200000 -1,000000 -101,000000 0,000000 0,000000
120 1686493892 0,200000 -1,000000 -101,000000 0,000000 0,000000
120 1686493893 0,200000 -1,000000 -101,000000 0,000000 0,000000
120 1686493894 0,200000 -1,000000 -101,000000 0,000000 0,000000
120 1686493895 0,200000 -1,000000 -101,000000 0,000000 0,000000
120 1686493926 0,200000 -1,000000 -101,000000 0,000000 0,000000
120 1686493927 0,200000 -1,000000 -101,000000 0,000000 0,000000
120 1686493928 0,200000 -1,000000 -101,000000 0,000000 0,000000
120 1686493929 0,200000 -1,000000 -101,000000 0,000000 0,000000
120 1686493930 0,200000 -1,000000 -101,000000 0,000000 0,000000
120 1686493931 0,400000 -1,000000 -101,000000 0,000000 0,000000
120 1686493932 0,400000 -1,000000 -101,000000 0,000000 0,000000
120 1686493933 0,400000 -1,000000 -101,000000 0,000000 0,000000
120 1686493934 0,400000 -1,000000 -101,000000 0,000000 0,000000
120 1686493935 0,400000 -1,000000 -101,000000 0,000000 0,000000
120 1686493971 0,200000 -1,000000 -101,000000 0,000000 0,000000
120 1686493972 0,200000 -1,000000 -101,000000 0,000000 0,000000
120 1686493973 0,200000 -1,000000 -101,000000 0,000000 0,000000
120 1686493974 0,200000 -1,000000 -101,000000 0,000000 0,000000
120 1686493975 0,200000 -1,000000 -101,000000 0,000000 0,000000
120 1686493996 0,200000 -1,000000 -101,000000 0,000000 0,000000
120 1686493997 0,200000 -1,000000 -101,000000 0,000000 0,000000
120 1686493998 0,200000 -1,000000 -101,000000 0,000000 0,000000
120 1686493999 0,200000 -1,000000 -101,000000 0,000000 0,000000
120 1686494000 0,200000 -1,000000 -101,000000 0,000000 0,000000
120 1686494011 0,400000 -1,000000 -101,000000 0,000000 0,000000
120 1686494012 0,400000 -1,000000 -101,000000 0,000000 0,000000
120 1686494013 0,400000 -1,000000 -101,000000 0,000000 0,000000
120 1686494014 0,400000 -1,000000 -101,000000 0,000000 0,000000
120 1686494015 0,400000 -1,000000 -101,000000 0,000000 0,000000
120 1686494031 0,200000 -1,000000 -101,000000 0,000000 0,000000
120 1686494032 0,200000 -1,000000 -101,000000 0,000000 0,000000
120 1686494033 0,200000 -1,000000 -101,000000 0,000000 0,000000
120 1686494034 0,200000 -1,000000 -101,000000 0,000000 0,000000
120 1686494035 0,200000 -1,000000 -101,000000 0,000000 0,000000
120 1686494116 0,200000 -1,000000 -101,000000 0,000000 0,000000
120 1686494117 0,200000 -1,000000 -101,000000 0,000000 0,000000
120 1686494118 0,200000 -1,000000 -101,000000 0,000000 0,000000
120 1686494119 0,200000 -1,000000 -101,000000 0,000000 0,000000
120 1686494120 0,200000 -1,000000 -101,000000 0,000000 0,000000
120 1686494131 0,200000 -1,000000 -101,000000 0,000000 0,000000
120 1686494132 0,200000 -1,000000 -101,000000 0,000000 0,000000
120 1686494133 0,200000 -1,000000 -101,000000 0,000000 0,000000
120 1686494134 0,200000 -1,000000 -101,000000 0,000000 0,000000
120 1686494135 0,200000 -1,000000 -101,000000 0,000000 0,000000
120 1686494171 0,200000 -1,000000 -101,000000 0,000000 0,000000
120 1686494172 0,200000 -1,000000 -101,000000 0,000000 0,000000
120 1686494173 0,200000 -1,000000 -101,000000 0,000000 0,000000
120 1686494174 0,200000 -1,000000 -101,000000 0,000000 0,000000
120 1686494175 0,200000 -1,000000 -101,000000 0,000000 0,000000
120 1686494206 0,200000 -1,000000 -101,000000 0,000000 0,000000
120 1686494207 0,200000 -1,000000 -101,000000 0,000000 0,000000
120 1686494208 0,200000 -1,000000 -101,000000 0,000000 0,000000
120 1686494209 0,200000 -1,000000 -101,000000 0,000000 0,000000
120 1686494210 0,200000 -1,000000 -101,000000 0,000000 0,000000
120 1686494251 0,200000 -1,000000 -101,000000 0,000000 0,000000
120 1686494252 0,200000 -1,000000 -101,000000 0,000000 0,000000
120 1686494253 0,200000 -1,000000 -101,000000 0,000000 0,000000
120 1686494254 0,200000 -1,000000 -101,000000 0,000000 0,000000
120 1686494255 0,200000 -1,000000 -101,000000 0,000000 0,000000
120 1686494301 0,200000 -1,000000 -101,000000 0,000000 0,000000
120 1686494302 0,200000 -1,000000 -101,000000 0,000000 0,000000
120 1686494303 0,200000 -1,000000 -101,000000 0,000000 0,000000
120 1686494304 0,200000 -1,000000 -101,000000 0,000000 0,000000
120 1686494305 0,200000 -1,000000 -101,000000 0,000000 0,000000
120 1686494326 0,200000 -1,000000 -101,000000 0,000000 0,000000
120 1686494327 0,200000 -1,000000 -101,000000 0,000000 0,000000
120 1686494328 0,200000 -1,000000 -101,000000 0,000000 0,000000
120 1686494329 0,200000 -1,000000 -101,000000 0,000000 0,000000
120 1686494330 0,200000 -1,000000 -101,000000 0,000000 0,000000
120 1686494331 0,200000 -1,000000 -101,000000 0,000000 0,000000
120 1686494332 0,200000 -1,000000 -101,000000 0,000000 0,000000
120 1686494333 0,200000 -1,000000 -101,000000 0,000000 0,000000
120 1686494334 0,200000 -1,000000 -101,000000 0,000000 0,000000
120 1686494335 0,200000 -1,000000 -101,000000 0,000000 0,000000
120 1686494366 0,200000 -1,000000 -101,000000 0,000000 0,000000
120 1686494367 0,200000 -1,000000 -101,000000 0,000000 0,000000
120 1686494368 0,200000 -1,000000 -101,000000 0,000000 0,000000
120 1686494369 0,200000 -1,000000 -101,000000 0,000000 0,000000
120 1686494370 0,200000 -1,000000 -101,000000 0,000000 0,000000
120 1686494411 0,200000 -1,000000 -101,000000 0,000000 0,000000
120 1686494412 0,200000 -1,000000 -101,000000 0,000000 0,000000
120 1686494413 0,200000 -1,000000 -101,000000 0,000000 0,000000
120 1686494414 0,200000 -1,000000 -101,000000 0,000000 0,000000
120 1686494415 0,200000 -1,000000 -101,000000 0,000000 0,000000
120 1686494451 0,200000 -1,000000 -101,000000 0,000000 0,000000
120 1686494452 0,200000 -1,000000 -101,000000 0,000000 0,000000
120 1686494453 0,200000 -1,000000 -101,000000 0,000000 0,000000
120 1686494454 0,200000 -1,000000 -101,000000 0,000000 0,000000
120 1686494455 0,200000 -1,000000 -101,000000 0,000000 0,000000
120 1686494481 0,200000 -1,000000 -101,000000 0,000000 0,000000
120 1686494482 0,200000 -1,000000 -101,000000 0,000000 0,000000
120 1686494483 0,200000 -1,000000 -101,000000 0,000000 0,000000
120 1686494484 0,200000 -1,000000 -101,000000 0,000000 0,000000
120 1686494485 0,200000 -1,000000 -101,000000 0,000000 0,000000
120 1686494486 0,200000 -1,000000 -101,000000 0,000000 0,000000
120 1686494487 0,200000 -1,000000 -101,000000 0,000000 0,000000
120 1686494488 0,200000 -1,000000 -101,000000 0,000000 0,000000
120 1686494489 0,200000 -1,000000 -101,000000 0,000000 0,000000
120 1686494490 0,200000 -1,000000 -101,000000 0,000000 0,000000
120 1686494491 0,200000 -1,000000 -101,000000 0,000000 0,000000
120 1686494492 0,200000 -1,000000 -101,000000 0,000000 0,000000
120 1686494493 0,200000 -1,000000 -101,000000 0,000000 0,000000
120 1686494494 0,200000 -1,000000 -101,000000 0,000000 0,000000
120 1686494495 0,200000 -1,000000 -101,000000 0,000000 0,000000
