106 1686493246 4990,400000 -1,000000 -101,000000 0,000000 0,000000
106 1686493247 4990,400000 -1,000000 -101,000000 0,000000 0,000000
106 1686493248 4990,400000 -1,000000 -101,000000 0,000000 0,000000
106 1686493249 4990,400000 -1,000000 -101,000000 0,000000 0,000000
106 1686493250 4990,400000 -1,000000 -101,000000 0,000000 0,000000
106 1686493251 5634,000000 -1,000000 -101,000000 0,000000 0,000000
106 1686493252 5634,000000 -1,000000 -101,000000 0,000000 0,000000
106 1686493253 5634,000000 -1,000000 -101,000000 0,000000 0,000000
106 1686493254 5634,000000 -1,000000 -101,000000 0,000000 0,000000
106 1686493255 5634,000000 -1,000000 -101,000000 0,000000 0,000000
106 1686493256 10632,600000 -1,000000 -101,000000 0,000000 0,000000
106 1686493257 10632,600000 -1,000000 -101,000000 0,000000 0,000000
106 1686493258 10632,600000 -1,000000 -101,000000 0,000000 0,000000
106 1686493259 10632,600000 -1,000000 -101,000000 0,000000 0,000000
106 1686493260 10632,600000 -1,000000 -101,000000 0,000000 0,000000
106 1686493261 41557,000000 -1,000000 -101,000000 0,000000 0,000000
106 1686493262 41557,000000 -1,000000 -101,000000 0,000000 0,000000
106 1686493263 41557,000000 -1,000000 -101,000000 0,000000 0,000000
106 1686493264 41557,000000 -1,000000 -101,000000 0,000000 0,000000
106 1686493265 41557,000000 -1,000000 -101,000000 0,000000 0,000000
106 1686493266 10261,000000 -1,000000 -101,000000 0,000000 0,000000
106 1686493267 10261,000000 -1,000000 -101,000000 0,000000 0,000000
106 1686493268 10261,000000 -1,000000 -101,000000 0,000000 0,000000
106 1686493269 10261,000000 -1,000000 -101,000000 0,000000 0,000000
106 1686493270 10261,000000 -1,000000 -101,000000 0,000000 0,000000
106 1686493271 68561,400000 -1,000000 -101,000000 0,000000 0,000000
106 1686493272 68561,400000 -1,000000 -101,000000 0,000000 0,000000
106 1686493273 68561,400000 -1,000000 -101,000000 0,000000 0,000000
106 1686493274 68561,400000 -1,000000 -101,000000 0,000000 0,000000
106 1686493275 68561,400000 -1,000000 -101,000000 0,000000 0,000000
106 1686493276 62113,200000 -1,000000 -101,000000 0,000000 0,000000
106 1686493277 62113,200000 -1,000000 -101,000000 0,000000 0,000000
106 1686493278 62113,200000 -1,000000 -101,000000 0,000000 0,000000
106 1686493279 62113,200000 -1,000000 -101,000000 0,000000 0,000000
106 1686493280 62113,200000 -1,000000 -101,000000 0,000000 0,000000
106 1686493281 5404,000000 -1,000000 -101,000000 0,000000 0,000000
106 1686493282 5404,000000 -1,000000 -101,000000 0,000000 0,000000
106 1686493283 5404,000000 -1,000000 -101,000000 0,000000 0,000000
106 1686493284 5404,000000 -1,000000 -101,000000 0,000000 0,000000
106 1686493285 5404,000000 -1,000000 -101,000000 0,000000 0,000000
106 1686493286 5206,600000 -1,000000 -101,000000 0,000000 0,000000
106 1686493287 5206,600000 -1,000000 -101,000000 0,000000 0,000000
106 1686493288 5206,600000 -1,000000 -101,000000 0,000000 0,000000
106 1686493289 5206,600000 -1,000000 -101,000000 0,000000 0,000000
106 1686493290 5206,600000 -1,000000 -101,000000 0,000000 0,000000
106 1686493291 5244,200000 -1,000000 -101,000000 0,000000 0,000000
106 1686493292 5244,200000 -1,000000 -101,000000 0,000000 0,000000
106 1686493293 5244,200000 -1,000000 -101,000000 0,000000 0,000000
106 1686493294 5244,200000 -1,000000 -101,000000 0,000000 0,000000
106 1686493295 5244,200000 -1,000000 -101,000000 0,000000 0,000000
106 1686493296 5910,200000 -1,000000 -101,000000 0,000000 0,000000
106 1686493297 5910,200000 -1,000000 -101,000000 0,000000 0,000000
106 1686493298 5910,200000 -1,000000 -101,000000 0,000000 0,000000
106 1686493299 5910,200000 -1,000000 -101,000000 0,000000 0,000000
106 1686493300 5910,200000 -1,000000 -101,000000 0,000000 0,000000
106 1686493301 34432,400000 -1,000000 -101,000000 0,000000 0,000000
106 1686493302 34432,400000 -1,000000 -101,000000 0,000000 0,000000
106 1686493303 34432,400000 -1,000000 -101,000000 0,000000 0,000000
106 1686493304 34432,400000 -1,000000 -101,000000 0,000000 0,000000
106 1686493305 34432,400000 -1,000000 -101,000000 0,000000 0,000000
106 1686493306 4680,600000 -1,000000 -101,000000 0,000000 0,000000
106 1686493307 4680,600000 -1,000000 -101,000000 0,000000 0,000000
106 1686493308 4680,600000 -1,000000 -101,000000 0,000000 0,000000
106 1686493309 4680,600000 -1,000000 -101,000000 0,000000 0,000000
106 1686493310 4680,600000 -1,000000 -101,000000 0,000000 0,000000
106 1686493311 5416,600000 -1,000000 -101,000000 0,000000 0,000000
106 1686493312 5416,600000 -1,000000 -101,000000 0,000000 0,000000
106 1686493313 5416,600000 -1,000000 -101,000000 0,000000 0,000000
106 1686493314 5416,600000 -1,000000 -101,000000 0,000000 0,000000
106 1686493315 5416,600000 -1,000000 -101,000000 0,000000 0,000000
106 1686493316 73936,400000 -1,000000 -101,000000 0,000000 0,000000
106 1686493317 73936,400000 -1,000000 -101,000000 0,000000 0,000000
106 1686493318 73936,400000 -1,000000 -101,000000 0,000000 0,000000
106 1686493319 73936,400000 -1,000000 -101,000000 0,000000 0,000000
106 1686493320 73936,400000 -1,000000 -101,000000 0,000000 0,000000
106 1686493321 32765,600000 -1,000000 -101,000000 0,000000 0,000000
106 1686493322 32765,600000 -1,000000 -101,000000 0,000000 0,000000
106 1686493323 32765,600000 -1,000000 -101,000000 0,000000 0,000000
106 1686493324 32765,600000 -1,000000 -101,000000 0,000000 0,000000
106 1686493325 32765,600000 -1,000000 -101,000000 0,000000 0,000000
106 1686493326 3828,800000 -1,000000 -101,000000 0,000000 0,000000
106 1686493327 3828,800000 -1,000000 -101,000000 0,000000 0,000000
106 1686493328 3828,800000 -1,000000 -101,000000 0,000000 0,000000
106 1686493329 3828,800000 -1,000000 -101,000000 0,000000 0,000000
106 1686493330 3828,800000 -1,000000 -101,000000 0,000000 0,000000
106 1686493331 4673,400000 -1,000000 -101,000000 0,000000 0,000000
106 1686493332 4673,400000 -1,000000 -101,000000 0,000000 0,000000
106 1686493333 4673,400000 -1,000000 -101,000000 0,000000 0,000000
106 1686493334 4673,400000 -1,000000 -101,000000 0,000000 0,000000
106 1686493335 4673,400000 -1,000000 -101,000000 0,000000 0,000000
106 1686493336 8411,400000 -1,000000 -101,000000 0,000000 0,000000
106 1686493337 8411,400000 -1,000000 -101,000000 0,000000 0,000000
106 1686493338 8411,400000 -1,000000 -101,000000 0,000000 0,000000
106 1686493339 8411,400000 -1,000000 -101,000000 0,000000 0,000000
106 1686493340 8411,400000 -1,000000 -101,000000 0,000000 0,000000
106 1686493341 33309,000000 -1,000000 -101,000000 0,000000 0,000000
106 1686493342 33309,000000 -1,000000 -101,000000 0,000000 0,000000
106 1686493343 33309,000000 -1,000000 -101,000000 0,000000 0,000000
106 1686493344 33309,000000 -1,000000 -101,000000 0,000000 0,000000
106 1686493345 33309,000000 -1,000000 -101,000000 0,000000 0,000000
106 1686493346 3223,400000 -1,000000 -101,000000 0,000000 0,000000
106 1686493347 3223,400000 -1,000000 -101,000000 0,000000 0,000000
106 1686493348 3223,400000 -1,000000 -101,000000 0,000000 0,000000
106 1686493349 3223,400000 -1,000000 -101,000000 0,000000 0,000000
106 1686493350 3223,400000 -1,000000 -101,000000 0,000000 0,000000
106 1686493351 3846,000000 -1,000000 -101,000000 0,000000 0,000000
106 1686493352 3846,000000 -1,000000 -101,000000 0,000000 0,000000
106 1686493353 3846,000000 -1,000000 -101,000000 0,000000 0,000000
106 1686493354 3846,000000 -1,000000 -101,000000 0,000000 0,000000
106 1686493355 3846,000000 -1,000000 -101,000000 0,000000 0,000000
106 1686493356 40388,200000 -1,000000 -101,000000 0,000000 0,000000
106 1686493357 40388,200000 -1,000000 -101,000000 0,000000 0,000000
106 1686493358 40388,200000 -1,000000 -101,000000 0,000000 0,000000
106 1686493359 40388,200000 -1,000000 -101,000000 0,000000 0,000000
106 1686493360 40388,200000 -1,000000 -101,000000 0,000000 0,000000
106 1686493361 5175,400000 -1,000000 -101,000000 0,000000 0,000000
106 1686493362 5175,400000 -1,000000 -101,000000 0,000000 0,000000
106 1686493363 5175,400000 -1,000000 -101,000000 0,000000 0,000000
106 1686493364 5175,400000 -1,000000 -101,000000 0,000000 0,000000
106 1686493365 5175,400000 -1,000000 -101,000000 0,000000 0,000000
106 1686493366 33779,400000 -1,000000 -101,000000 0,000000 0,000000
106 1686493367 33779,400000 -1,000000 -101,000000 0,000000 0,000000
106 1686493368 33779,400000 -1,000000 -101,000000 0,000000 0,000000
106 1686493369 33779,400000 -1,000000 -101,000000 0,000000 0,000000
106 1686493370 33779,400000 -1,000000 -101,000000 0,000000 0,000000
106 1686493371 30386,000000 -1,000000 -101,000000 0,000000 0,000000
106 1686493372 30386,000000 -1,000000 -101,000000 0,000000 0,000000
106 1686493373 30386,000000 -1,000000 -101,000000 0,000000 0,000000
106 1686493374 30386,000000 -1,000000 -101,000000 0,000000 0,000000
106 1686493375 30386,000000 -1,000000 -101,000000 0,000000 0,000000
106 1686493376 4858,800000 -1,000000 -101,000000 0,000000 0,000000
106 1686493377 4858,800000 -1,000000 -101,000000 0,000000 0,000000
106 1686493378 4858,800000 -1,000000 -101,000000 0,000000 0,000000
106 1686493379 4858,800000 -1,000000 -101,000000 0,000000 0,000000
106 1686493380 4858,800000 -1,000000 -101,000000 0,000000 0,000000
106 1686493381 42401,800000 -1,000000 -101,000000 0,000000 0,000000
106 1686493382 42401,800000 -1,000000 -101,000000 0,000000 0,000000
106 1686493383 42401,800000 -1,000000 -101,000000 0,000000 0,000000
106 1686493384 42401,800000 -1,000000 -101,000000 0,000000 0,000000
106 1686493385 42401,800000 -1,000000 -101,000000 0,000000 0,000000
106 1686493386 1161,600000 -1,000000 -101,000000 0,000000 0,000000
106 1686493387 1161,600000 -1,000000 -101,000000 0,000000 0,000000
106 1686493388 1161,600000 -1,000000 -101,000000 0,000000 0,000000
106 1686493389 1161,600000 -1,000000 -101,000000 0,000000 0,000000
106 1686493390 1161,600000 -1,000000 -101,000000 0,000000 0,000000
106 1686493391 3288,600000 -1,000000 -101,000000 0,000000 0,000000
106 1686493392 3288,600000 -1,000000 -101,000000 0,000000 0,000000
106 1686493393 3288,600000 -1,000000 -101,000000 0,000000 0,000000
106 1686493394 3288,600000 -1,000000 -101,000000 0,000000 0,000000
106 1686493395 3288,600000 -1,000000 -101,000000 0,000000 0,000000
106 1686493396 33688,600000 -1,000000 -101,000000 0,000000 0,000000
106 1686493397 33688,600000 -1,000000 -101,000000 0,000000 0,000000
106 1686493398 33688,600000 -1,000000 -101,000000 0,000000 0,000000
106 1686493399 33688,600000 -1,000000 -101,000000 0,000000 0,000000
106 1686493400 33688,600000 -1,000000 -101,000000 0,000000 0,000000
106 1686493401 7026,400000 -1,000000 -101,000000 0,000000 0,000000
106 1686493402 7026,400000 -1,000000 -101,000000 0,000000 0,000000
106 1686493403 7026,400000 -1,000000 -101,000000 0,000000 0,000000
106 1686493404 7026,400000 -1,000000 -101,000000 0,000000 0,000000
106 1686493405 7026,400000 -1,000000 -101,000000 0,000000 0,000000
106 1686493406 7673,800000 -1,000000 -101,000000 0,000000 0,000000
106 1686493407 7673,800000 -1,000000 -101,000000 0,000000 0,000000
106 1686493408 7673,800000 -1,000000 -101,000000 0,000000 0,000000
106 1686493409 7673,800000 -1,000000 -101,000000 0,000000 0,000000
106 1686493410 7673,800000 -1,000000 -101,000000 0,000000 0,000000
106 1686493411 42945,200000 -1,000000 -101,000000 0,000000 0,000000
106 1686493412 42945,200000 -1,000000 -101,000000 0,000000 0,000000
106 1686493413 42945,200000 -1,000000 -101,000000 0,000000 0,000000
106 1686493414 42945,200000 -1,000000 -101,000000 0,000000 0,000000
106 1686493415 42945,200000 -1,000000 -101,000000 0,000000 0,000000
106 1686493416 43299,200000 -1,000000 -101,000000 0,000000 0,000000
106 1686493417 43299,200000 -1,000000 -101,000000 0,000000 0,000000
106 1686493418 43299,200000 -1,000000 -101,000000 0,000000 0,000000
106 1686493419 43299,200000 -1,000000 -101,000000 0,000000 0,000000
106 1686493420 43299,200000 -1,000000 -101,000000 0,000000 0,000000
106 1686493421 38751,400000 -1,000000 -101,000000 0,000000 0,000000
106 1686493422 38751,400000 -1,000000 -101,000000 0,000000 0,000000
106 1686493423 38751,400000 -1,000000 -101,000000 0,000000 0,000000
106 1686493424 38751,400000 -1,000000 -101,000000 0,000000 0,000000
106 1686493425 38751,400000 -1,000000 -101,000000 0,000000 0,000000
106 1686493426 3091,800000 -1,000000 -101,000000 0,000000 0,000000
106 1686493427 3091,800000 -1,000000 -101,000000 0,000000 0,000000
106 1686493428 3091,800000 -1,000000 -101,000000 0,000000 0,000000
106 1686493429 3091,800000 -1,000000 -101,000000 0,000000 0,000000
106 1686493430 3091,800000 -1,000000 -101,000000 0,000000 0,000000
106 1686493431 4878,400000 -1,000000 -101,000000 0,000000 0,000000
106 1686493432 4878,400000 -1,000000 -101,000000 0,000000 0,000000
106 1686493433 4878,400000 -1,000000 -101,000000 0,000000 0,000000
106 1686493434 4878,400000 -1,000000 -101,000000 0,000000 0,000000
106 1686493435 4878,400000 -1,000000 -101,000000 0,000000 0,000000
106 1686493436 39016,800000 -1,000000 -101,000000 0,000000 0,000000
106 1686493437 39016,800000 -1,000000 -101,000000 0,000000 0,000000
106 1686493438 39016,800000 -1,000000 -101,000000 0,000000 0,000000
106 1686493439 39016,800000 -1,000000 -101,000000 0,000000 0,000000
106 1686493440 39016,800000 -1,000000 -101,000000 0,000000 0,000000
106 1686493441 8138,400000 -1,000000 -101,000000 0,000000 0,000000
106 1686493442 8138,400000 -1,000000 -101,000000 0,000000 0,000000
106 1686493443 8138,400000 -1,000000 -101,000000 0,000000 0,000000
106 1686493444 8138,400000 -1,000000 -101,000000 0,000000 0,000000
106 1686493445 8138,400000 -1,000000 -101,000000 0,000000 0,000000
106 1686493446 8547,600000 -1,000000 -101,000000 0,000000 0,000000
106 1686493447 8547,600000 -1,000000 -101,000000 0,000000 0,000000
106 1686493448 8547,600000 -1,000000 -101,000000 0,000000 0,000000
106 1686493449 8547,600000 -1,000000 -101,000000 0,000000 0,000000
106 1686493450 8547,600000 -1,000000 -101,000000 0,000000 0,000000
106 1686493451 9828,400000 -1,000000 -101,000000 0,000000 0,000000
106 1686493452 9828,400000 -1,000000 -101,000000 0,000000 0,000000
106 1686493453 9828,400000 -1,000000 -101,000000 0,000000 0,000000
106 1686493454 9828,400000 -1,000000 -101,000000 0,000000 0,000000
106 1686493455 9828,400000 -1,000000 -101,000000 0,000000 0,000000
106 1686493456 32999,200000 -1,000000 -101,000000 0,000000 0,000000
106 1686493457 32999,200000 -1,000000 -101,000000 0,000000 0,000000
106 1686493458 32999,200000 -1,000000 -101,000000 0,000000 0,000000
106 1686493459 32999,200000 -1,000000 -101,000000 0,000000 0,000000
106 1686493460 32999,200000 -1,000000 -101,000000 0,000000 0,000000
106 1686493461 93771,000000 -1,000000 -101,000000 0,000000 0,000000
106 1686493462 93771,000000 -1,000000 -101,000000 0,000000 0,000000
106 1686493463 93771,000000 -1,000000 -101,000000 0,000000 0,000000
106 1686493464 93771,000000 -1,000000 -101,000000 0,000000 0,000000
106 1686493465 93771,000000 -1,000000 -101,000000 0,000000 0,000000
106 1686493466 3305,600000 -1,000000 -101,000000 0,000000 0,000000
106 1686493467 3305,600000 -1,000000 -101,000000 0,000000 0,000000
106 1686493468 3305,600000 -1,000000 -101,000000 0,000000 0,000000
106 1686493469 3305,600000 -1,000000 -101,000000 0,000000 0,000000
106 1686493470 3305,600000 -1,000000 -101,000000 0,000000 0,000000
106 1686493471 38366,600000 -1,000000 -101,000000 0,000000 0,000000
106 1686493472 38366,600000 -1,000000 -101,000000 0,000000 0,000000
106 1686493473 38366,600000 -1,000000 -101,000000 0,000000 0,000000
106 1686493474 38366,600000 -1,000000 -101,000000 0,000000 0,000000
106 1686493475 38366,600000 -1,000000 -101,000000 0,000000 0,000000
106 1686493476 30978,400000 -1,000000 -101,000000 0,000000 0,000000
106 1686493477 30978,400000 -1,000000 -101,000000 0,000000 0,000000
106 1686493478 30978,400000 -1,000000 -101,000000 0,000000 0,000000
106 1686493479 30978,400000 -1,000000 -101,000000 0,000000 0,000000
106 1686493480 30978,400000 -1,000000 -101,000000 0,000000 0,000000
106 1686493481 2329,200000 -1,000000 -101,000000 0,000000 0,000000
106 1686493482 2329,200000 -1,000000 -101,000000 0,000000 0,000000
106 1686493483 2329,200000 -1,000000 -101,000000 0,000000 0,000000
106 1686493484 2329,200000 -1,000000 -101,000000 0,000000 0,000000
106 1686493485 2329,200000 -1,000000 -101,000000 0,000000 0,000000
106 1686493486 4606,800000 -1,000000 -101,000000 0,000000 0,000000
106 1686493487 4606,800000 -1,000000 -101,000000 0,000000 0,000000
106 1686493488 4606,800000 -1,000000 -101,000000 0,000000 0,000000
106 1686493489 4606,800000 -1,000000 -101,000000 0,000000 0,000000
106 1686493490 4606,800000 -1,000000 -101,000000 0,000000 0,000000
106 1686493491 2732,000000 -1,000000 -101,000000 0,000000 0,000000
106 1686493492 2732,000000 -1,000000 -101,000000 0,000000 0,000000
106 1686493493 2732,000000 -1,000000 -101,000000 0,000000 0,000000
106 1686493494 2732,000000 -1,000000 -101,000000 0,000000 0,000000
106 1686493495 2732,000000 -1,000000 -101,000000 0,000000 0,000000
106 1686493496 5344,400000 -1,000000 -101,000000 0,000000 0,000000
106 1686493497 5344,400000 -1,000000 -101,000000 0,000000 0,000000
106 1686493498 5344,400000 -1,000000 -101,000000 0,000000 0,000000
106 1686493499 5344,400000 -1,000000 -101,000000 0,000000 0,000000
106 1686493500 5344,400000 -1,000000 -101,000000 0,000000 0,000000
106 1686493501 38418,400000 -1,000000 -101,000000 0,000000 0,000000
106 1686493502 38418,400000 -1,000000 -101,000000 0,000000 0,000000
106 1686493503 38418,400000 -1,000000 -101,000000 0,000000 0,000000
106 1686493504 38418,400000 -1,000000 -101,000000 0,000000 0,000000
106 1686493505 38418,400000 -1,000000 -101,000000 0,000000 0,000000
106 1686493506 40844,800000 -1,000000 -101,000000 0,000000 0,000000
106 1686493507 40844,800000 -1,000000 -101,000000 0,000000 0,000000
106 1686493508 40844,800000 -1,000000 -101,000000 0,000000 0,000000
106 1686493509 40844,800000 -1,000000 -101,000000 0,000000 0,000000
106 1686493510 40844,800000 -1,000000 -101,000000 0,000000 0,000000
106 1686493511 46936,400000 -1,000000 -101,000000 0,000000 0,000000
106 1686493512 46936,400000 -1,000000 -101,000000 0,000000 0,000000
106 1686493513 46936,400000 -1,000000 -101,000000 0,000000 0,000000
106 1686493514 46936,400000 -1,000000 -101,000000 0,000000 0,000000
106 1686493515 46936,400000 -1,000000 -101,000000 0,000000 0,000000
106 1686493516 43869,400000 -1,000000 -101,000000 0,000000 0,000000
106 1686493517 43869,400000 -1,000000 -101,000000 0,000000 0,000000
106 1686493518 43869,400000 -1,000000 -101,000000 0,000000 0,000000
106 1686493519 43869,400000 -1,000000 -101,000000 0,000000 0,000000
106 1686493520 43869,400000 -1,000000 -101,000000 0,000000 0,000000
106 1686493521 4365,400000 -1,000000 -101,000000 0,000000 0,000000
106 1686493522 4365,400000 -1,000000 -101,000000 0,000000 0,000000
106 1686493523 4365,400000 -1,000000 -101,000000 0,000000 0,000000
106 1686493524 4365,400000 -1,000000 -101,000000 0,000000 0,000000
106 1686493525 4365,400000 -1,000000 -101,000000 0,000000 0,000000
106 1686493526 5146,800000 -1,000000 -101,000000 0,000000 0,000000
106 1686493527 5146,800000 -1,000000 -101,000000 0,000000 0,000000
106 1686493528 5146,800000 -1,000000 -101,000000 0,000000 0,000000
106 1686493529 5146,800000 -1,000000 -101,000000 0,000000 0,000000
106 1686493530 5146,800000 -1,000000 -101,000000 0,000000 0,000000
106 1686493531 6386,400000 -1,000000 -101,000000 0,000000 0,000000
106 1686493532 6386,400000 -1,000000 -101,000000 0,000000 0,000000
106 1686493533 6386,400000 -1,000000 -101,000000 0,000000 0,000000
106 1686493534 6386,400000 -1,000000 -101,000000 0,000000 0,000000
106 1686493535 6386,400000 -1,000000 -101,000000 0,000000 0,000000
106 1686493536 4417,200000 -1,000000 -101,000000 0,000000 0,000000
106 1686493537 4417,200000 -1,000000 -101,000000 0,000000 0,000000
106 1686493538 4417,200000 -1,000000 -101,000000 0,000000 0,000000
106 1686493539 4417,200000 -1,000000 -101,000000 0,000000 0,000000
106 1686493540 4417,200000 -1,000000 -101,000000 0,000000 0,000000
106 1686493541 37688,600000 -1,000000 -101,000000 0,000000 0,000000
106 1686493542 37688,600000 -1,000000 -101,000000 0,000000 0,000000
106 1686493543 37688,600000 -1,000000 -101,000000 0,000000 0,000000
106 1686493544 37688,600000 -1,000000 -101,000000 0,000000 0,000000
106 1686493545 37688,600000 -1,000000 -101,000000 0,000000 0,000000
106 1686493546 5426,800000 -1,000000 -101,000000 0,000000 0,000000
106 1686493547 5426,800000 -1,000000 -101,000000 0,000000 0,000000
106 1686493548 5426,800000 -1,000000 -101,000000 0,000000 0,000000
106 1686493549 5426,800000 -1,000000 -101,000000 0,000000 0,000000
106 1686493550 5426,800000 -1,000000 -101,000000 0,000000 0,000000
106 1686493551 40890,000000 -1,000000 -101,000000 0,000000 0,000000
106 1686493552 40890,000000 -1,000000 -101,000000 0,000000 0,000000
106 1686493553 40890,000000 -1,000000 -101,000000 0,000000 0,000000
106 1686493554 40890,000000 -1,000000 -101,000000 0,000000 0,000000
106 1686493555 40890,000000 -1,000000 -101,000000 0,000000 0,000000
106 1686493556 69272,000000 -1,000000 -101,000000 0,000000 0,000000
106 1686493557 69272,000000 -1,000000 -101,000000 0,000000 0,000000
106 1686493558 69272,000000 -1,000000 -101,000000 0,000000 0,000000
106 1686493559 69272,000000 -1,000000 -101,000000 0,000000 0,000000
106 1686493560 69272,000000 -1,000000 -101,000000 0,000000 0,000000
106 1686493561 5728,000000 -1,000000 -101,000000 0,000000 0,000000
106 1686493562 5728,000000 -1,000000 -101,000000 0,000000 0,000000
106 1686493563 5728,000000 -1,000000 -101,000000 0,000000 0,000000
106 1686493564 5728,000000 -1,000000 -101,000000 0,000000 0,000000
106 1686493565 5728,000000 -1,000000 -101,000000 0,000000 0,000000
106 1686493566 5867,000000 -1,000000 -101,000000 0,000000 0,000000
106 1686493567 5867,000000 -1,000000 -101,000000 0,000000 0,000000
106 1686493568 5867,000000 -1,000000 -101,000000 0,000000 0,000000
106 1686493569 5867,000000 -1,000000 -101,000000 0,000000 0,000000
106 1686493570 5867,000000 -1,000000 -101,000000 0,000000 0,000000
106 1686493571 5233,800000 -1,000000 -101,000000 0,000000 0,000000
106 1686493572 5233,800000 -1,000000 -101,000000 0,000000 0,000000
106 1686493573 5233,800000 -1,000000 -101,000000 0,000000 0,000000
106 1686493574 5233,800000 -1,000000 -101,000000 0,000000 0,000000
106 1686493575 5233,800000 -1,000000 -101,000000 0,000000 0,000000
106 1686493576 4975,600000 -1,000000 -101,000000 0,000000 0,000000
106 1686493577 4975,600000 -1,000000 -101,000000 0,000000 0,000000
106 1686493578 4975,600000 -1,000000 -101,000000 0,000000 0,000000
106 1686493579 4975,600000 -1,000000 -101,000000 0,000000 0,000000
106 1686493580 4975,600000 -1,000000 -101,000000 0,000000 0,000000
106 1686493581 41644,600000 -1,000000 -101,000000 0,000000 0,000000
106 1686493582 41644,600000 -1,000000 -101,000000 0,000000 0,000000
106 1686493583 41644,600000 -1,000000 -101,000000 0,000000 0,000000
106 1686493584 41644,600000 -1,000000 -101,000000 0,000000 0,000000
106 1686493585 41644,600000 -1,000000 -101,000000 0,000000 0,000000
106 1686493586 4447,800000 -1,000000 -101,000000 0,000000 0,000000
106 1686493587 4447,800000 -1,000000 -101,000000 0,000000 0,000000
106 1686493588 4447,800000 -1,000000 -101,000000 0,000000 0,000000
106 1686493589 4447,800000 -1,000000 -101,000000 0,000000 0,000000
106 1686493590 4447,800000 -1,000000 -101,000000 0,000000 0,000000
106 1686493591 6652,400000 -1,000000 -101,000000 0,000000 0,000000
106 1686493592 6652,400000 -1,000000 -101,000000 0,000000 0,000000
106 1686493593 6652,400000 -1,000000 -101,000000 0,000000 0,000000
106 1686493594 6652,400000 -1,000000 -101,000000 0,000000 0,000000
106 1686493595 6652,400000 -1,000000 -101,000000 0,000000 0,000000
106 1686493596 42066,000000 -1,000000 -101,000000 0,000000 0,000000
106 1686493597 42066,000000 -1,000000 -101,000000 0,000000 0,000000
106 1686493598 42066,000000 -1,000000 -101,000000 0,000000 0,000000
106 1686493599 42066,000000 -1,000000 -101,000000 0,000000 0,000000
106 1686493600 42066,000000 -1,000000 -101,000000 0,000000 0,000000
106 1686493601 39112,200000 -1,000000 -101,000000 0,000000 0,000000
106 1686493602 39112,200000 -1,000000 -101,000000 0,000000 0,000000
106 1686493603 39112,200000 -1,000000 -101,000000 0,000000 0,000000
106 1686493604 39112,200000 -1,000000 -101,000000 0,000000 0,000000
106 1686493605 39112,200000 -1,000000 -101,000000 0,000000 0,000000
106 1686493606 37237,400000 -1,000000 -101,000000 0,000000 0,000000
106 1686493607 37237,400000 -1,000000 -101,000000 0,000000 0,000000
106 1686493608 37237,400000 -1,000000 -101,000000 0,000000 0,000000
106 1686493609 37237,400000 -1,000000 -101,000000 0,000000 0,000000
106 1686493610 37237,400000 -1,000000 -101,000000 0,000000 0,000000
106 1686493611 4781,600000 -1,000000 -101,000000 0,000000 0,000000
106 1686493612 4781,600000 -1,000000 -101,000000 0,000000 0,000000
106 1686493613 4781,600000 -1,000000 -101,000000 0,000000 0,000000
106 1686493614 4781,600000 -1,000000 -101,000000 0,000000 0,000000
106 1686493615 4781,600000 -1,000000 -101,000000 0,000000 0,000000
106 1686493616 8614,800000 -1,000000 -101,000000 0,000000 0,000000
106 1686493617 8614,800000 -1,000000 -101,000000 0,000000 0,000000
106 1686493618 8614,800000 -1,000000 -101,000000 0,000000 0,000000
106 1686493619 8614,800000 -1,000000 -101,000000 0,000000 0,000000
106 1686493620 8614,800000 -1,000000 -101,000000 0,000000 0,000000
106 1686493621 39722,200000 -1,000000 -101,000000 0,000000 0,000000
106 1686493622 39722,200000 -1,000000 -101,000000 0,000000 0,000000
106 1686493623 39722,200000 -1,000000 -101,000000 0,000000 0,000000
106 1686493624 39722,200000 -1,000000 -101,000000 0,000000 0,000000
106 1686493625 39722,200000 -1,000000 -101,000000 0,000000 0,000000
106 1686493626 2952,400000 -1,000000 -101,000000 0,000000 0,000000
106 1686493627 2952,400000 -1,000000 -101,000000 0,000000 0,000000
106 1686493628 2952,400000 -1,000000 -101,000000 0,000000 0,000000
106 1686493629 2952,400000 -1,000000 -101,000000 0,000000 0,000000
106 1686493630 2952,400000 -1,000000 -101,000000 0,000000 0,000000
106 1686493631 5646,600000 -1,000000 -101,000000 0,000000 0,000000
106 1686493632 5646,600000 -1,000000 -101,000000 0,000000 0,000000
106 1686493633 5646,600000 -1,000000 -101,000000 0,000000 0,000000
106 1686493634 5646,600000 -1,000000 -101,000000 0,000000 0,000000
106 1686493635 5646,600000 -1,000000 -101,000000 0,000000 0,000000
106 1686493636 40599,400000 -1,000000 -101,000000 0,000000 0,000000
106 1686493637 40599,400000 -1,000000 -101,000000 0,000000 0,000000
106 1686493638 40599,400000 -1,000000 -101,000000 0,000000 0,000000
106 1686493639 40599,400000 -1,000000 -101,000000 0,000000 0,000000
106 1686493640 40599,400000 -1,000000 -101,000000 0,000000 0,000000
106 1686493641 3605,800000 -1,000000 -101,000000 0,000000 0,000000
106 1686493642 3605,800000 -1,000000 -101,000000 0,000000 0,000000
106 1686493643 3605,800000 -1,000000 -101,000000 0,000000 0,000000
106 1686493644 3605,800000 -1,000000 -101,000000 0,000000 0,000000
106 1686493645 3605,800000 -1,000000 -101,000000 0,000000 0,000000
106 1686493646 42537,400000 -1,000000 -101,000000 0,000000 0,000000
106 1686493647 42537,400000 -1,000000 -101,000000 0,000000 0,000000
106 1686493648 42537,400000 -1,000000 -101,000000 0,000000 0,000000
106 1686493649 42537,400000 -1,000000 -101,000000 0,000000 0,000000
106 1686493650 42537,400000 -1,000000 -101,000000 0,000000 0,000000
106 1686493651 41393,000000 -1,000000 -101,000000 0,000000 0,000000
106 1686493652 41393,000000 -1,000000 -101,000000 0,000000 0,000000
106 1686493653 41393,000000 -1,000000 -101,000000 0,000000 0,000000
106 1686493654 41393,000000 -1,000000 -101,000000 0,000000 0,000000
106 1686493655 41393,000000 -1,000000 -101,000000 0,000000 0,000000
106 1686493656 41468,400000 -1,000000 -101,000000 0,000000 0,000000
106 1686493657 41468,400000 -1,000000 -101,000000 0,000000 0,000000
106 1686493658 41468,400000 -1,000000 -101,000000 0,000000 0,000000
106 1686493659 41468,400000 -1,000000 -101,000000 0,000000 0,000000
106 1686493660 41468,400000 -1,000000 -101,000000 0,000000 0,000000
106 1686493661 43931,000000 -1,000000 -101,000000 0,000000 0,000000
106 1686493662 43931,000000 -1,000000 -101,000000 0,000000 0,000000
106 1686493663 43931,000000 -1,000000 -101,000000 0,000000 0,000000
106 1686493664 43931,000000 -1,000000 -101,000000 0,000000 0,000000
106 1686493665 43931,000000 -1,000000 -101,000000 0,000000 0,000000
106 1686493666 3726,800000 -1,000000 -101,000000 0,000000 0,000000
106 1686493667 3726,800000 -1,000000 -101,000000 0,000000 0,000000
106 1686493668 3726,800000 -1,000000 -101,000000 0,000000 0,000000
106 1686493669 3726,800000 -1,000000 -101,000000 0,000000 0,000000
106 1686493670 3726,800000 -1,000000 -101,000000 0,000000 0,000000
106 1686493671 44101,400000 -1,000000 -101,000000 0,000000 0,000000
106 1686493672 44101,400000 -1,000000 -101,000000 0,000000 0,000000
106 1686493673 44101,400000 -1,000000 -101,000000 0,000000 0,000000
106 1686493674 44101,400000 -1,000000 -101,000000 0,000000 0,000000
106 1686493675 44101,400000 -1,000000 -101,000000 0,000000 0,000000
106 1686493676 33269,000000 -1,000000 -101,000000 0,000000 0,000000
106 1686493677 33269,000000 -1,000000 -101,000000 0,000000 0,000000
106 1686493678 33269,000000 -1,000000 -101,000000 0,000000 0,000000
106 1686493679 33269,000000 -1,000000 -101,000000 0,000000 0,000000
106 1686493680 33269,000000 -1,000000 -101,000000 0,000000 0,000000
106 1686493681 4529,800000 -1,000000 -101,000000 0,000000 0,000000
106 1686493682 4529,800000 -1,000000 -101,000000 0,000000 0,000000
106 1686493683 4529,800000 -1,000000 -101,000000 0,000000 0,000000
106 1686493684 4529,800000 -1,000000 -101,000000 0,000000 0,000000
106 1686493685 4529,800000 -1,000000 -101,000000 0,000000 0,000000
106 1686493686 7340,000000 -1,000000 -101,000000 0,000000 0,000000
106 1686493687 7340,000000 -1,000000 -101,000000 0,000000 0,000000
106 1686493688 7340,000000 -1,000000 -101,000000 0,000000 0,000000
106 1686493689 7340,000000 -1,000000 -101,000000 0,000000 0,000000
106 1686493690 7340,000000 -1,000000 -101,000000 0,000000 0,000000
106 1686493691 43789,000000 -1,000000 -101,000000 0,000000 0,000000
106 1686493692 43789,000000 -1,000000 -101,000000 0,000000 0,000000
106 1686493693 43789,000000 -1,000000 -101,000000 0,000000 0,000000
106 1686493694 43789,000000 -1,000000 -101,000000 0,000000 0,000000
106 1686493695 43789,000000 -1,000000 -101,000000 0,000000 0,000000
106 1686493696 43912,600000 -1,000000 -101,000000 0,000000 0,000000
106 1686493697 43912,600000 -1,000000 -101,000000 0,000000 0,000000
106 1686493698 43912,600000 -1,000000 -101,000000 0,000000 0,000000
106 1686493699 43912,600000 -1,000000 -101,000000 0,000000 0,000000
106 1686493700 43912,600000 -1,000000 -101,000000 0,000000 0,000000
106 1686493701 37205,800000 -1,000000 -101,000000 0,000000 0,000000
106 1686493702 37205,800000 -1,000000 -101,000000 0,000000 0,000000
106 1686493703 37205,800000 -1,000000 -101,000000 0,000000 0,000000
106 1686493704 37205,800000 -1,000000 -101,000000 0,000000 0,000000
106 1686493705 37205,800000 -1,000000 -101,000000 0,000000 0,000000
106 1686493706 5801,400000 -1,000000 -101,000000 0,000000 0,000000
106 1686493707 5801,400000 -1,000000 -101,000000 0,000000 0,000000
106 1686493708 5801,400000 -1,000000 -101,000000 0,000000 0,000000
106 1686493709 5801,400000 -1,000000 -101,000000 0,000000 0,000000
106 1686493710 5801,400000 -1,000000 -101,000000 0,000000 0,000000
106 1686493711 5429,800000 -1,000000 -101,000000 0,000000 0,000000
106 1686493712 5429,800000 -1,000000 -101,000000 0,000000 0,000000
106 1686493713 5429,800000 -1,000000 -101,000000 0,000000 0,000000
106 1686493714 5429,800000 -1,000000 -101,000000 0,000000 0,000000
106 1686493715 5429,800000 -1,000000 -101,000000 0,000000 0,000000
106 1686493716 40167,200000 -1,000000 -101,000000 0,000000 0,000000
106 1686493717 40167,200000 -1,000000 -101,000000 0,000000 0,000000
106 1686493718 40167,200000 -1,000000 -101,000000 0,000000 0,000000
106 1686493719 40167,200000 -1,000000 -101,000000 0,000000 0,000000
106 1686493720 40167,200000 -1,000000 -101,000000 0,000000 0,000000
106 1686493721 2812,000000 -1,000000 -101,000000 0,000000 0,000000
106 1686493722 2812,000000 -1,000000 -101,000000 0,000000 0,000000
106 1686493723 2812,000000 -1,000000 -101,000000 0,000000 0,000000
106 1686493724 2812,000000 -1,000000 -101,000000 0,000000 0,000000
106 1686493725 2812,000000 -1,000000 -101,000000 0,000000 0,000000
106 1686493726 6708,000000 -1,000000 -101,000000 0,000000 0,000000
106 1686493727 6708,000000 -1,000000 -101,000000 0,000000 0,000000
106 1686493728 6708,000000 -1,000000 -101,000000 0,000000 0,000000
106 1686493729 6708,000000 -1,000000 -101,000000 0,000000 0,000000
106 1686493730 6708,000000 -1,000000 -101,000000 0,000000 0,000000
106 1686493731 7750,800000 -1,000000 -101,000000 0,000000 0,000000
106 1686493732 7750,800000 -1,000000 -101,000000 0,000000 0,000000
106 1686493733 7750,800000 -1,000000 -101,000000 0,000000 0,000000
106 1686493734 7750,800000 -1,000000 -101,000000 0,000000 0,000000
106 1686493735 7750,800000 -1,000000 -101,000000 0,000000 0,000000
106 1686493736 4708,600000 -1,000000 -101,000000 0,000000 0,000000
106 1686493737 4708,600000 -1,000000 -101,000000 0,000000 0,000000
106 1686493738 4708,600000 -1,000000 -101,000000 0,000000 0,000000
106 1686493739 4708,600000 -1,000000 -101,000000 0,000000 0,000000
106 1686493740 4708,600000 -1,000000 -101,000000 0,000000 0,000000
106 1686493741 68282,800000 -1,000000 -101,000000 0,000000 0,000000
106 1686493742 68282,800000 -1,000000 -101,000000 0,000000 0,000000
106 1686493743 68282,800000 -1,000000 -101,000000 0,000000 0,000000
106 1686493744 68282,800000 -1,000000 -101,000000 0,000000 0,000000
106 1686493745 68282,800000 -1,000000 -101,000000 0,000000 0,000000
106 1686493746 32612,600000 -1,000000 -101,000000 0,000000 0,000000
106 1686493747 32612,600000 -1,000000 -101,000000 0,000000 0,000000
106 1686493748 32612,600000 -1,000000 -101,000000 0,000000 0,000000
106 1686493749 32612,600000 -1,000000 -101,000000 0,000000 0,000000
106 1686493750 32612,600000 -1,000000 -101,000000 0,000000 0,000000
106 1686493751 3862,000000 -1,000000 -101,000000 0,000000 0,000000
106 1686493752 3862,000000 -1,000000 -101,000000 0,000000 0,000000
106 1686493753 3862,000000 -1,000000 -101,000000 0,000000 0,000000
106 1686493754 3862,000000 -1,000000 -101,000000 0,000000 0,000000
106 1686493755 3862,000000 -1,000000 -101,000000 0,000000 0,000000
106 1686493756 36861,400000 -1,000000 -101,000000 0,000000 0,000000
106 1686493757 36861,400000 -1,000000 -101,000000 0,000000 0,000000
106 1686493758 36861,400000 -1,000000 -101,000000 0,000000 0,000000
106 1686493759 36861,400000 -1,000000 -101,000000 0,000000 0,000000
106 1686493760 36861,400000 -1,000000 -101,000000 0,000000 0,000000
106 1686493761 4531,400000 -1,000000 -101,000000 0,000000 0,000000
106 1686493762 4531,400000 -1,000000 -101,000000 0,000000 0,000000
106 1686493763 4531,400000 -1,000000 -101,000000 0,000000 0,000000
106 1686493764 4531,400000 -1,000000 -101,000000 0,000000 0,000000
106 1686493765 4531,400000 -1,000000 -101,000000 0,000000 0,000000
106 1686493766 6335,400000 -1,000000 -101,000000 0,000000 0,000000
106 1686493767 6335,400000 -1,000000 -101,000000 0,000000 0,000000
106 1686493768 6335,400000 -1,000000 -101,000000 0,000000 0,000000
106 1686493769 6335,400000 -1,000000 -101,000000 0,000000 0,000000
106 1686493770 6335,400000 -1,000000 -101,000000 0,000000 0,000000
106 1686493771 2472,400000 -1,000000 -101,000000 0,000000 0,000000
106 1686493772 2472,400000 -1,000000 -101,000000 0,000000 0,000000
106 1686493773 2472,400000 -1,000000 -101,000000 0,000000 0,000000
106 1686493835 7369,200000 -1,000000 7369,200000 7369,200000 21722043,456000
106 1686493834 7369,200000 -1,000000 7369,200000 7369,200000 21722043,456000
106 1686493833 7369,200000 -1,000000 7369,200000 7369,200000 21722043,456000
106 1686493832 7369,200000 -1,000000 7369,200000 7369,200000 21722043,456000
106 1686493831 7369,200000 -1,000000 7369,200000 7369,200000 21722043,456000
106 1686493830 3117,800000 -1,000000 3117,800000 3117,800000 3888270,736000
106 1686493829 3117,800000 -1,000000 3117,800000 3117,800000 3888270,736000
106 1686493828 3117,800000 -1,000000 3117,800000 3117,800000 3888270,736000
106 1686493827 3117,800000 -1,000000 3117,800000 3117,800000 3888270,736000
106 1686493826 3117,800000 -1,000000 3117,800000 3117,800000 3888270,736000
106 1686493825 34848,600000 -1,000000 34848,600000 34848,600000 485769968,784000
106 1686493824 34848,600000 -1,000000 34848,600000 34848,600000 485769968,784000
106 1686493823 34848,600000 -1,000000 34848,600000 34848,600000 485769968,784000
106 1686493822 34848,600000 -1,000000 34848,600000 34848,600000 485769968,784000
106 1686493821 34848,600000 -1,000000 34848,600000 34848,600000 485769968,784000
106 1686493820 4563,400000 -1,000000 4563,400000 4563,400000 8329847,824000
106 1686493819 4563,400000 -1,000000 4563,400000 4563,400000 8329847,824000
106 1686493818 4563,400000 -1,000000 4563,400000 4563,400000 8329847,824000
106 1686493817 4563,400000 -1,000000 4563,400000 4563,400000 8329847,824000
106 1686493816 4563,400000 -1,000000 4563,400000 4563,400000 8329847,824000
106 1686493815 4292,400000 -1,000000 4292,400000 4292,400000 7369879,104000
106 1686493814 4292,400000 -1,000000 4292,400000 4292,400000 7369879,104000
106 1686493813 4292,400000 -1,000000 4292,400000 4292,400000 7369879,104000
106 1686493812 4292,400000 -1,000000 4292,400000 4292,400000 7369879,104000
106 1686493811 4292,400000 -1,000000 4292,400000 4292,400000 7369879,104000
106 1686493810 5373,600000 -1,000000 5373,600000 5373,600000 11550230,784000
106 1686493809 5373,600000 -1,000000 5373,600000 5373,600000 11550230,784000
106 1686493808 5373,600000 -1,000000 5373,600000 5373,600000 11550230,784000
106 1686493807 5373,600000 -1,000000 5373,600000 5373,600000 11550230,784000
106 1686493806 5373,600000 -1,000000 5373,600000 5373,600000 11550230,784000
106 1686493805 6671,800000 -1,000000 6671,800000 6671,800000 17805166,096000
106 1686493804 6671,800000 -1,000000 6671,800000 6671,800000 17805166,096000
106 1686493803 6671,800000 -1,000000 6671,800000 6671,800000 17805166,096000
106 1686493802 6671,800000 -1,000000 6671,800000 6671,800000 17805166,096000
106 1686493801 6671,800000 -1,000000 6671,800000 6671,800000 17805166,096000
106 1686493800 43805,400000 -1,000000 43805,400000 43805,400000 767565227,664000
106 1686493799 43805,400000 -1,000000 43805,400000 43805,400000 767565227,664000
106 1686493798 43805,400000 -1,000000 43805,400000 43805,400000 767565227,664000
106 1686493797 43805,400000 -1,000000 43805,400000 43805,400000 767565227,664000
106 1686493796 43805,400000 -1,000000 43805,400000 43805,400000 767565227,664000
106 1686493795 42475,800000 -1,000000 42475,800000 42475,800000 721677434,256000
106 1686493794 42475,800000 -1,000000 42475,800000 42475,800000 721677434,256000
106 1686493793 42475,800000 -1,000000 42475,800000 42475,800000 721677434,256000
106 1686493792 42475,800000 -1,000000 42475,800000 42475,800000 721677434,256000
106 1686493791 42475,800000 -1,000000 42475,800000 42475,800000 721677434,256000
106 1686493790 42884,600000 -1,000000 42884,600000 42884,600000 735635566,864000
106 1686493789 42884,600000 -1,000000 42884,600000 42884,600000 735635566,864000
106 1686493788 42884,600000 -1,000000 42884,600000 42884,600000 735635566,864000
106 1686493787 42884,600000 -1,000000 42884,600000 42884,600000 735635566,864000
106 1686493786 42884,600000 -1,000000 42884,600000 42884,600000 735635566,864000
106 1686493785 38296,400000 -1,000000 38296,400000 38296,400000 586645701,184000
106 1686493784 38296,400000 -1,000000 38296,400000 38296,400000 586645701,184000
106 1686493783 38296,400000 -1,000000 38296,400000 38296,400000 586645701,184000
106 1686493782 38296,400000 -1,000000 38296,400000 38296,400000 586645701,184000
106 1686493781 38296,400000 -1,000000 38296,400000 38296,400000 586645701,184000
106 1686493780 9402,200000 -1,000000 9402,200000 9402,200000 35360545,936000
106 1686493779 9402,200000 -1,000000 9402,200000 9402,200000 35360545,936000
106 1686493778 9402,200000 -1,000000 9402,200000 9402,200000 35360545,936000
106 1686493777 9402,200000 -1,000000 9402,200000 9402,200000 35360545,936000
106 1686493776 9402,200000 -1,000000 9402,200000 9402,200000 35360545,936000
106 1686493775 2472,400000 -1,000000 2472,400000 2472,400000 2445104,704000
106 1686493774 2472,400000 -1,000000 2472,400000 2472,400000 2445104,704000
106 1686493774 2472,400000 -1,000000 -101,000000 0,000000 0,000000
106 1686493775 2472,400000 -1,000000 -101,000000 0,000000 0,000000
106 1686493776 9402,200000 -1,000000 -101,000000 0,000000 0,000000
106 1686493777 9402,200000 -1,000000 -101,000000 0,000000 0,000000
106 1686493778 9402,200000 -1,000000 -101,000000 0,000000 0,000000
106 1686493779 9402,200000 -1,000000 -101,000000 0,000000 0,000000
106 1686493780 9402,200000 -1,000000 -101,000000 0,000000 0,000000
106 1686493781 38296,400000 -1,000000 -101,000000 0,000000 0,000000
106 1686493782 38296,400000 -1,000000 -101,000000 0,000000 0,000000
106 1686493783 38296,400000 -1,000000 -101,000000 0,000000 0,000000
106 1686493784 38296,400000 -1,000000 -101,000000 0,000000 0,000000
106 1686493785 38296,400000 -1,000000 -101,000000 0,000000 0,000000
106 1686493786 42884,600000 -1,000000 -101,000000 0,000000 0,000000
106 1686493787 42884,600000 -1,000000 -101,000000 0,000000 0,000000
106 1686493788 42884,600000 -1,000000 -101,000000 0,000000 0,000000
106 1686493789 42884,600000 -1,000000 -101,000000 0,000000 0,000000
106 1686493790 42884,600000 -1,000000 -101,000000 0,000000 0,000000
106 1686493791 42475,800000 -1,000000 -101,000000 0,000000 0,000000
106 1686493792 42475,800000 -1,000000 -101,000000 0,000000 0,000000
106 1686493793 42475,800000 -1,000000 -101,000000 0,000000 0,000000
106 1686493794 42475,800000 -1,000000 -101,000000 0,000000 0,000000
106 1686493795 42475,800000 -1,000000 -101,000000 0,000000 0,000000
106 1686493796 43805,400000 -1,000000 -101,000000 0,000000 0,000000
106 1686493797 43805,400000 -1,000000 -101,000000 0,000000 0,000000
106 1686493798 43805,400000 -1,000000 -101,000000 0,000000 0,000000
106 1686493799 43805,400000 -1,000000 -101,000000 0,000000 0,000000
106 1686493800 43805,400000 -1,000000 -101,000000 0,000000 0,000000
106 1686493801 6671,800000 -1,000000 -101,000000 0,000000 0,000000
106 1686493802 6671,800000 -1,000000 -101,000000 0,000000 0,000000
106 1686493803 6671,800000 -1,000000 -101,000000 0,000000 0,000000
106 1686493804 6671,800000 -1,000000 -101,000000 0,000000 0,000000
106 1686493805 6671,800000 -1,000000 -101,000000 0,000000 0,000000
106 1686493806 5373,600000 -1,000000 -101,000000 0,000000 0,000000
106 1686493807 5373,600000 -1,000000 -101,000000 0,000000 0,000000
106 1686493808 5373,600000 -1,000000 -101,000000 0,000000 0,000000
106 1686493809 5373,600000 -1,000000 -101,000000 0,000000 0,000000
106 1686493810 5373,600000 -1,000000 -101,000000 0,000000 0,000000
106 1686493811 4292,400000 -1,000000 -101,000000 0,000000 0,000000
106 1686493812 4292,400000 -1,000000 -101,000000 0,000000 0,000000
106 1686493813 4292,400000 -1,000000 -101,000000 0,000000 0,000000
106 1686493814 4292,400000 -1,000000 -101,000000 0,000000 0,000000
106 1686493815 4292,400000 -1,000000 -101,000000 0,000000 0,000000
106 1686493816 4563,400000 -1,000000 -101,000000 0,000000 0,000000
106 1686493817 4563,400000 -1,000000 -101,000000 0,000000 0,000000
106 1686493818 4563,400000 -1,000000 -101,000000 0,000000 0,000000
106 1686493819 4563,400000 -1,000000 -101,000000 0,000000 0,000000
106 1686493820 4563,400000 -1,000000 -101,000000 0,000000 0,000000
106 1686493821 34848,600000 -1,000000 -101,000000 0,000000 0,000000
106 1686493822 34848,600000 -1,000000 -101,000000 0,000000 0,000000
106 1686493823 34848,600000 -1,000000 -101,000000 0,000000 0,000000
106 1686493824 34848,600000 -1,000000 -101,000000 0,000000 0,000000
106 1686493825 34848,600000 -1,000000 -101,000000 0,000000 0,000000
106 1686493826 3117,800000 -1,000000 -101,000000 0,000000 0,000000
106 1686493827 3117,800000 -1,000000 -101,000000 0,000000 0,000000
106 1686493828 3117,800000 -1,000000 -101,000000 0,000000 0,000000
106 1686493829 3117,800000 -1,000000 -101,000000 0,000000 0,000000
106 1686493830 3117,800000 -1,000000 -101,000000 0,000000 0,000000
106 1686493831 7369,200000 -1,000000 -101,000000 0,000000 0,000000
106 1686493832 7369,200000 -1,000000 -101,000000 0,000000 0,000000
106 1686493833 7369,200000 -1,000000 -101,000000 0,000000 0,000000
106 1686493834 7369,200000 -1,000000 -101,000000 0,000000 0,000000
106 1686493835 7369,200000 -1,000000 -101,000000 0,000000 0,000000
106 1686493836 57904,000000 -1,000000 -101,000000 0,000000 0,000000
106 1686493837 57904,000000 -1,000000 -101,000000 0,000000 0,000000
106 1686493838 57904,000000 -1,000000 -101,000000 0,000000 0,000000
106 1686493839 57904,000000 -1,000000 -101,000000 0,000000 0,000000
106 1686493840 57904,000000 -1,000000 -101,000000 0,000000 0,000000
106 1686493841 26712,600000 -1,000000 -101,000000 0,000000 0,000000
106 1686493842 26712,600000 -1,000000 -101,000000 0,000000 0,000000
106 1686493843 26712,600000 -1,000000 -101,000000 0,000000 0,000000
106 1686493844 26712,600000 -1,000000 -101,000000 0,000000 0,000000
106 1686493845 26712,600000 -1,000000 -101,000000 0,000000 0,000000
106 1686493846 7888,800000 -1,000000 -101,000000 0,000000 0,000000
106 1686493847 7888,800000 -1,000000 -101,000000 0,000000 0,000000
106 1686493848 7888,800000 -1,000000 -101,000000 0,000000 0,000000
106 1686493849 7888,800000 -1,000000 -101,000000 0,000000 0,000000
106 1686493850 7888,800000 -1,000000 -101,000000 0,000000 0,000000
106 1686493851 4318,600000 -1,000000 -101,000000 0,000000 0,000000
106 1686493852 4318,600000 -1,000000 -101,000000 0,000000 0,000000
106 1686493853 4318,600000 -1,000000 -101,000000 0,000000 0,000000
106 1686493854 4318,600000 -1,000000 -101,000000 0,000000 0,000000
106 1686493855 4318,600000 -1,000000 -101,000000 0,000000 0,000000
106 1686493856 39179,600000 -1,000000 -101,000000 0,000000 0,000000
106 1686493857 39179,600000 -1,000000 -101,000000 0,000000 0,000000
106 1686493858 39179,600000 -1,000000 -101,000000 0,000000 0,000000
106 1686493859 39179,600000 -1,000000 -101,000000 0,000000 0,000000
106 1686493860 39179,600000 -1,000000 -101,000000 0,000000 0,000000
106 1686493861 41060,800000 -1,000000 -101,000000 0,000000 0,000000
106 1686493862 41060,800000 -1,000000 -101,000000 0,000000 0,000000
106 1686493863 41060,800000 -1,000000 -101,000000 0,000000 0,000000
106 1686493864 41060,800000 -1,000000 -101,000000 0,000000 0,000000
106 1686493865 41060,800000 -1,000000 -101,000000 0,000000 0,000000
106 1686493866 42167,000000 -1,000000 -101,000000 0,000000 0,000000
106 1686493867 42167,000000 -1,000000 -101,000000 0,000000 0,000000
106 1686493868 42167,000000 -1,000000 -101,000000 0,000000 0,000000
106 1686493869 42167,000000 -1,000000 -101,000000 0,000000 0,000000
106 1686493870 42167,000000 -1,000000 -101,000000 0,000000 0,000000
106 1686493871 13462,200000 -1,000000 -101,000000 0,000000 0,000000
106 1686493872 13462,200000 -1,000000 -101,000000 0,000000 0,000000
106 1686493873 13462,200000 -1,000000 -101,000000 0,000000 0,000000
106 1686493874 13462,200000 -1,000000 -101,000000 0,000000 0,000000
106 1686493875 13462,200000 -1,000000 -101,000000 0,000000 0,000000
106 1686493876 43790,000000 -1,000000 -101,000000 0,000000 0,000000
106 1686493877 43790,000000 -1,000000 -101,000000 0,000000 0,000000
106 1686493878 43790,000000 -1,000000 -101,000000 0,000000 0,000000
106 1686493879 43790,000000 -1,000000 -101,000000 0,000000 0,000000
106 1686493880 43790,000000 -1,000000 -101,000000 0,000000 0,000000
106 1686493881 40219,600000 -1,000000 -101,000000 0,000000 0,000000
106 1686493882 40219,600000 -1,000000 -101,000000 0,000000 0,000000
106 1686493883 40219,600000 -1,000000 -101,000000 0,000000 0,000000
106 1686493884 40219,600000 -1,000000 -101,000000 0,000000 0,000000
106 1686493885 40219,600000 -1,000000 -101,000000 0,000000 0,000000
106 1686493886 39331,200000 -1,000000 -101,000000 0,000000 0,000000
106 1686493887 39331,200000 -1,000000 -101,000000 0,000000 0,000000
106 1686493888 39331,200000 -1,000000 -101,000000 0,000000 0,000000
106 1686493889 39331,200000 -1,000000 -101,000000 0,000000 0,000000
106 1686493890 39331,200000 -1,000000 -101,000000 0,000000 0,000000
106 1686493891 5871,400000 -1,000000 -101,000000 0,000000 0,000000
106 1686493892 5871,400000 -1,000000 -101,000000 0,000000 0,000000
106 1686493893 5871,400000 -1,000000 -101,000000 0,000000 0,000000
106 1686493894 5871,400000 -1,000000 -101,000000 0,000000 0,000000
106 1686493895 5871,400000 -1,000000 -101,000000 0,000000 0,000000
106 1686493896 3619,200000 -1,000000 -101,000000 0,000000 0,000000
106 1686493897 3619,200000 -1,000000 -101,000000 0,000000 0,000000
106 1686493898 3619,200000 -1,000000 -101,000000 0,000000 0,000000
106 1686493899 3619,200000 -1,000000 -101,000000 0,000000 0,000000
106 1686493900 3619,200000 -1,000000 -101,000000 0,000000 0,000000
106 1686493901 37746,200000 -1,000000 -101,000000 0,000000 0,000000
106 1686493902 37746,200000 -1,000000 -101,000000 0,000000 0,000000
106 1686493903 37746,200000 -1,000000 -101,000000 0,000000 0,000000
106 1686493904 37746,200000 -1,000000 -101,000000 0,000000 0,000000
106 1686493905 37746,200000 -1,000000 -101,000000 0,000000 0,000000
106 1686493906 3104,800000 -1,000000 -101,000000 0,000000 0,000000
106 1686493907 3104,800000 -1,000000 -101,000000 0,000000 0,000000
106 1686493908 3104,800000 -1,000000 -101,000000 0,000000 0,000000
106 1686493909 3104,800000 -1,000000 -101,000000 0,000000 0,000000
106 1686493910 3104,800000 -1,000000 -101,000000 0,000000 0,000000
106 1686493911 6374,000000 -1,000000 -101,000000 0,000000 0,000000
106 1686493912 6374,000000 -1,000000 -101,000000 0,000000 0,000000
106 1686493913 6374,000000 -1,000000 -101,000000 0,000000 0,000000
106 1686493914 6374,000000 -1,000000 -101,000000 0,000000 0,000000
106 1686493915 6374,000000 -1,000000 -101,000000 0,000000 0,000000
106 1686493916 31895,200000 -1,000000 -101,000000 0,000000 0,000000
106 1686493917 31895,200000 -1,000000 -101,000000 0,000000 0,000000
106 1686493918 31895,200000 -1,000000 -101,000000 0,000000 0,000000
106 1686493919 31895,200000 -1,000000 -101,000000 0,000000 0,000000
106 1686493920 31895,200000 -1,000000 -101,000000 0,000000 0,000000
106 1686493921 5171,400000 -1,000000 -101,000000 0,000000 0,000000
106 1686493922 5171,400000 -1,000000 -101,000000 0,000000 0,000000
106 1686493923 5171,400000 -1,000000 -101,000000 0,000000 0,000000
106 1686493924 5171,400000 -1,000000 -101,000000 0,000000 0,000000
106 1686493925 5171,400000 -1,000000 -101,000000 0,000000 0,000000
106 1686493926 34941,400000 -1,000000 -101,000000 0,000000 0,000000
106 1686493927 34941,400000 -1,000000 -101,000000 0,000000 0,000000
106 1686493928 34941,400000 -1,000000 -101,000000 0,000000 0,000000
106 1686493929 34941,400000 -1,000000 -101,000000 0,000000 0,000000
106 1686493930 34941,400000 -1,000000 -101,000000 0,000000 0,000000
106 1686493931 31929,800000 -1,000000 -101,000000 0,000000 0,000000
106 1686493932 31929,800000 -1,000000 -101,000000 0,000000 0,000000
106 1686493933 31929,800000 -1,000000 -101,000000 0,000000 0,000000
106 1686493934 31929,800000 -1,000000 -101,000000 0,000000 0,000000
106 1686493935 31929,800000 -1,000000 -101,000000 0,000000 0,000000
106 1686493936 3403,600000 -1,000000 -101,000000 0,000000 0,000000
106 1686493937 3403,600000 -1,000000 -101,000000 0,000000 0,000000
106 1686493938 3403,600000 -1,000000 -101,000000 0,000000 0,000000
106 1686493939 3403,600000 -1,000000 -101,000000 0,000000 0,000000
106 1686493940 3403,600000 -1,000000 -101,000000 0,000000 0,000000
106 1686493941 39088,400000 -1,000000 -101,000000 0,000000 0,000000
106 1686493942 39088,400000 -1,000000 -101,000000 0,000000 0,000000
106 1686493943 39088,400000 -1,000000 -101,000000 0,000000 0,000000
106 1686493944 39088,400000 -1,000000 -101,000000 0,000000 0,000000
106 1686493945 39088,400000 -1,000000 -101,000000 0,000000 0,000000
106 1686493946 3658,200000 -1,000000 -101,000000 0,000000 0,000000
106 1686493947 3658,200000 -1,000000 -101,000000 0,000000 0,000000
106 1686493948 3658,200000 -1,000000 -101,000000 0,000000 0,000000
106 1686493949 3658,200000 -1,000000 -101,000000 0,000000 0,000000
106 1686493950 3658,200000 -1,000000 -101,000000 0,000000 0,000000
106 1686493951 6097,000000 -1,000000 -101,000000 0,000000 0,000000
106 1686493952 6097,000000 -1,000000 -101,000000 0,000000 0,000000
106 1686493953 6097,000000 -1,000000 -101,000000 0,000000 0,000000
106 1686493954 6097,000000 -1,000000 -101,000000 0,000000 0,000000
106 1686493955 6097,000000 -1,000000 -101,000000 0,000000 0,000000
106 1686493956 40998,200000 -1,000000 -101,000000 0,000000 0,000000
106 1686493957 40998,200000 -1,000000 -101,000000 0,000000 0,000000
106 1686493958 40998,200000 -1,000000 -101,000000 0,000000 0,000000
106 1686493959 40998,200000 -1,000000 -101,000000 0,000000 0,000000
106 1686493960 40998,200000 -1,000000 -101,000000 0,000000 0,000000
106 1686493961 4629,400000 -1,000000 -101,000000 0,000000 0,000000
106 1686493962 4629,400000 -1,000000 -101,000000 0,000000 0,000000
106 1686493963 4629,400000 -1,000000 -101,000000 0,000000 0,000000
106 1686493964 4629,400000 -1,000000 -101,000000 0,000000 0,000000
106 1686493965 4629,400000 -1,000000 -101,000000 0,000000 0,000000
106 1686493966 6304,600000 -1,000000 -101,000000 0,000000 0,000000
106 1686493967 6304,600000 -1,000000 -101,000000 0,000000 0,000000
106 1686493968 6304,600000 -1,000000 -101,000000 0,000000 0,000000
106 1686493969 6304,600000 -1,000000 -101,000000 0,000000 0,000000
106 1686493970 6304,600000 -1,000000 -101,000000 0,000000 0,000000
106 1686493971 7404,400000 -1,000000 -101,000000 0,000000 0,000000
106 1686493972 7404,400000 -1,000000 -101,000000 0,000000 0,000000
106 1686493973 7404,400000 -1,000000 -101,000000 0,000000 0,000000
106 1686493974 7404,400000 -1,000000 -101,000000 0,000000 0,000000
106 1686493975 7404,400000 -1,000000 -101,000000 0,000000 0,000000
106 1686493976 40530,800000 -1,000000 -101,000000 0,000000 0,000000
106 1686493977 40530,800000 -1,000000 -101,000000 0,000000 0,000000
106 1686493978 40530,800000 -1,000000 -101,000000 0,000000 0,000000
106 1686493979 40530,800000 -1,000000 -101,000000 0,000000 0,000000
106 1686493980 40530,800000 -1,000000 -101,000000 0,000000 0,000000
106 1686493981 65692,400000 -1,000000 -101,000000 0,000000 0,000000
106 1686493982 65692,400000 -1,000000 -101,000000 0,000000 0,000000
106 1686493983 65692,400000 -1,000000 -101,000000 0,000000 0,000000
106 1686493984 65692,400000 -1,000000 -101,000000 0,000000 0,000000
106 1686493985 65692,400000 -1,000000 -101,000000 0,000000 0,000000
106 1686493986 2015,600000 -1,000000 -101,000000 0,000000 0,000000
106 1686493987 2015,600000 -1,000000 -101,000000 0,000000 0,000000
106 1686493988 2015,600000 -1,000000 -101,000000 0,000000 0,000000
106 1686493989 2015,600000 -1,000000 -101,000000 0,000000 0,000000
106 1686493990 2015,600000 -1,000000 -101,000000 0,000000 0,000000
106 1686493991 6031,400000 -1,000000 -101,000000 0,000000 0,000000
106 1686493992 6031,400000 -1,000000 -101,000000 0,000000 0,000000
106 1686493993 6031,400000 -1,000000 -101,000000 0,000000 0,000000
106 1686493994 6031,400000 -1,000000 -101,000000 0,000000 0,000000
106 1686493995 6031,400000 -1,000000 -101,000000 0,000000 0,000000
106 1686493996 30172,800000 -1,000000 -101,000000 0,000000 0,000000
106 1686493997 30172,800000 -1,000000 -101,000000 0,000000 0,000000
106 1686493998 30172,800000 -1,000000 -101,000000 0,000000 0,000000
106 1686493999 30172,800000 -1,000000 -101,000000 0,000000 0,000000
106 1686494000 30172,800000 -1,000000 -101,000000 0,000000 0,000000
106 1686494001 2036,200000 -1,000000 -101,000000 0,000000 0,000000
106 1686494002 2036,200000 -1,000000 -101,000000 0,000000 0,000000
106 1686494003 2036,200000 -1,000000 -101,000000 0,000000 0,000000
106 1686494004 2036,200000 -1,000000 -101,000000 0,000000 0,000000
106 1686494005 2036,200000 -1,000000 -101,000000 0,000000 0,000000
106 1686494006 3273,200000 -1,000000 -101,000000 0,000000 0,000000
106 1686494007 3273,200000 -1,000000 -101,000000 0,000000 0,000000
106 1686494008 3273,200000 -1,000000 -101,000000 0,000000 0,000000
106 1686494009 3273,200000 -1,000000 -101,000000 0,000000 0,000000
106 1686494010 3273,200000 -1,000000 -101,000000 0,000000 0,000000
106 1686494011 7156,200000 -1,000000 -101,000000 0,000000 0,000000
106 1686494012 7156,200000 -1,000000 -101,000000 0,000000 0,000000
106 1686494013 7156,200000 -1,000000 -101,000000 0,000000 0,000000
106 1686494014 7156,200000 -1,000000 -101,000000 0,000000 0,000000
106 1686494015 7156,200000 -1,000000 -101,000000 0,000000 0,000000
106 1686494016 7482,000000 -1,000000 -101,000000 0,000000 0,000000
106 1686494017 7482,000000 -1,000000 -101,000000 0,000000 0,000000
106 1686494018 7482,000000 -1,000000 -101,000000 0,000000 0,000000
106 1686494019 7482,000000 -1,000000 -101,000000 0,000000 0,000000
106 1686494020 7482,000000 -1,000000 -101,000000 0,000000 0,000000
106 1686494021 69948,800000 -1,000000 -101,000000 0,000000 0,000000
106 1686494022 69948,800000 -1,000000 -101,000000 0,000000 0,000000
106 1686494023 69948,800000 -1,000000 -101,000000 0,000000 0,000000
106 1686494024 69948,800000 -1,000000 -101,000000 0,000000 0,000000
106 1686494025 69948,800000 -1,000000 -101,000000 0,000000 0,000000
106 1686494026 33143,600000 -1,000000 -101,000000 0,000000 0,000000
106 1686494027 33143,600000 -1,000000 -101,000000 0,000000 0,000000
106 1686494028 33143,600000 -1,000000 -101,000000 0,000000 0,000000
106 1686494029 33143,600000 -1,000000 -101,000000 0,000000 0,000000
106 1686494030 33143,600000 -1,000000 -101,000000 0,000000 0,000000
106 1686494031 4420,200000 -1,000000 -101,000000 0,000000 0,000000
106 1686494032 4420,200000 -1,000000 -101,000000 0,000000 0,000000
106 1686494033 4420,200000 -1,000000 -101,000000 0,000000 0,000000
106 1686494034 4420,200000 -1,000000 -101,000000 0,000000 0,000000
106 1686494035 4420,200000 -1,000000 -101,000000 0,000000 0,000000
106 1686494036 41608,600000 -1,000000 -101,000000 0,000000 0,000000
106 1686494037 41608,600000 -1,000000 -101,000000 0,000000 0,000000
106 1686494038 41608,600000 -1,000000 -101,000000 0,000000 0,000000
106 1686494039 41608,600000 -1,000000 -101,000000 0,000000 0,000000
106 1686494040 41608,600000 -1,000000 -101,000000 0,000000 0,000000
106 1686494041 7026,000000 -1,000000 -101,000000 0,000000 0,000000
106 1686494042 7026,000000 -1,000000 -101,000000 0,000000 0,000000
106 1686494043 7026,000000 -1,000000 -101,000000 0,000000 0,000000
106 1686494044 7026,000000 -1,000000 -101,000000 0,000000 0,000000
106 1686494045 7026,000000 -1,000000 -101,000000 0,000000 0,000000
106 1686494046 6408,400000 -1,000000 -101,000000 0,000000 0,000000
106 1686494047 6408,400000 -1,000000 -101,000000 0,000000 0,000000
106 1686494048 6408,400000 -1,000000 -101,000000 0,000000 0,000000
106 1686494049 6408,400000 -1,000000 -101,000000 0,000000 0,000000
106 1686494050 6408,400000 -1,000000 -101,000000 0,000000 0,000000
106 1686494051 43462,600000 -1,000000 -101,000000 0,000000 0,000000
106 1686494052 43462,600000 -1,000000 -101,000000 0,000000 0,000000
106 1686494053 43462,600000 -1,000000 -101,000000 0,000000 0,000000
106 1686494054 43462,600000 -1,000000 -101,000000 0,000000 0,000000
106 1686494055 43462,600000 -1,000000 -101,000000 0,000000 0,000000
106 1686494056 12228,800000 -1,000000 -101,000000 0,000000 0,000000
106 1686494057 12228,800000 -1,000000 -101,000000 0,000000 0,000000
106 1686494058 12228,800000 -1,000000 -101,000000 0,000000 0,000000
106 1686494059 12228,800000 -1,000000 -101,000000 0,000000 0,000000
106 1686494060 12228,800000 -1,000000 -101,000000 0,000000 0,000000
106 1686494061 45242,800000 -1,000000 -101,000000 0,000000 0,000000
106 1686494062 45242,800000 -1,000000 -101,000000 0,000000 0,000000
106 1686494063 45242,800000 -1,000000 -101,000000 0,000000 0,000000
106 1686494064 45242,800000 -1,000000 -101,000000 0,000000 0,000000
106 1686494065 45242,800000 -1,000000 -101,000000 0,000000 0,000000
106 1686494066 34010,400000 -1,000000 -101,000000 0,000000 0,000000
106 1686494067 34010,400000 -1,000000 -101,000000 0,000000 0,000000
106 1686494068 34010,400000 -1,000000 -101,000000 0,000000 0,000000
106 1686494069 34010,400000 -1,000000 -101,000000 0,000000 0,000000
106 1686494070 34010,400000 -1,000000 -101,000000 0,000000 0,000000
106 1686494071 41974,800000 -1,000000 -101,000000 0,000000 0,000000
106 1686494072 41974,800000 -1,000000 -101,000000 0,000000 0,000000
106 1686494073 41974,800000 -1,000000 -101,000000 0,000000 0,000000
106 1686494074 41974,800000 -1,000000 -101,000000 0,000000 0,000000
106 1686494075 41974,800000 -1,000000 -101,000000 0,000000 0,000000
106 1686494076 74911,600000 -1,000000 -101,000000 0,000000 0,000000
106 1686494077 74911,600000 -1,000000 -101,000000 0,000000 0,000000
106 1686494078 74911,600000 -1,000000 -101,000000 0,000000 0,000000
106 1686494079 74911,600000 -1,000000 -101,000000 0,000000 0,000000
106 1686494080 74911,600000 -1,000000 -101,000000 0,000000 0,000000
106 1686494081 2593,200000 -1,000000 -101,000000 0,000000 0,000000
106 1686494082 2593,200000 -1,000000 -101,000000 0,000000 0,000000
106 1686494083 2593,200000 -1,000000 -101,000000 0,000000 0,000000
106 1686494084 2593,200000 -1,000000 -101,000000 0,000000 0,000000
106 1686494085 2593,200000 -1,000000 -101,000000 0,000000 0,000000
106 1686494086 5537,800000 -1,000000 -101,000000 0,000000 0,000000
106 1686494087 5537,800000 -1,000000 -101,000000 0,000000 0,000000
106 1686494088 5537,800000 -1,000000 -101,000000 0,000000 0,000000
106 1686494089 5537,800000 -1,000000 -101,000000 0,000000 0,000000
106 1686494090 5537,800000 -1,000000 -101,000000 0,000000 0,000000
106 1686494091 5227,600000 -1,000000 -101,000000 0,000000 0,000000
106 1686494092 5227,600000 -1,000000 -101,000000 0,000000 0,000000
106 1686494093 5227,600000 -1,000000 -101,000000 0,000000 0,000000
106 1686494094 5227,600000 -1,000000 -101,000000 0,000000 0,000000
106 1686494095 5227,600000 -1,000000 -101,000000 0,000000 0,000000
106 1686494096 3138,800000 -1,000000 -101,000000 0,000000 0,000000
106 1686494097 3138,800000 -1,000000 -101,000000 0,000000 0,000000
106 1686494098 3138,800000 -1,000000 -101,000000 0,000000 0,000000
106 1686494099 3138,800000 -1,000000 -101,000000 0,000000 0,000000
106 1686494100 3138,800000 -1,000000 -101,000000 0,000000 0,000000
106 1686494101 30636,000000 -1,000000 -101,000000 0,000000 0,000000
106 1686494102 30636,000000 -1,000000 -101,000000 0,000000 0,000000
106 1686494103 30636,000000 -1,000000 -101,000000 0,000000 0,000000
106 1686494104 30636,000000 -1,000000 -101,000000 0,000000 0,000000
106 1686494105 30636,000000 -1,000000 -101,000000 0,000000 0,000000
106 1686494106 3675,400000 -1,000000 -101,000000 0,000000 0,000000
106 1686494107 3675,400000 -1,000000 -101,000000 0,000000 0,000000
106 1686494108 3675,400000 -1,000000 -101,000000 0,000000 0,000000
106 1686494109 3675,400000 -1,000000 -101,000000 0,000000 0,000000
106 1686494110 3675,400000 -1,000000 -101,000000 0,000000 0,000000
106 1686494111 4876,400000 -1,000000 -101,000000 0,000000 0,000000
106 1686494112 4876,400000 -1,000000 -101,000000 0,000000 0,000000
106 1686494113 4876,400000 -1,000000 -101,000000 0,000000 0,000000
106 1686494114 4876,400000 -1,000000 -101,000000 0,000000 0,000000
106 1686494115 4876,400000 -1,000000 -101,000000 0,000000 0,000000
106 1686494116 66506,200000 -1,000000 -101,000000 0,000000 0,000000
106 1686494117 66506,200000 -1,000000 -101,000000 0,000000 0,000000
106 1686494118 66506,200000 -1,000000 -101,000000 0,000000 0,000000
106 1686494119 66506,200000 -1,000000 -101,000000 0,000000 0,000000
106 1686494120 66506,200000 -1,000000 -101,000000 0,000000 0,000000
106 1686494121 35502,400000 -1,000000 -101,000000 0,000000 0,000000
106 1686494122 35502,400000 -1,000000 -101,000000 0,000000 0,000000
106 1686494123 35502,400000 -1,000000 -101,000000 0,000000 0,000000
106 1686494124 35502,400000 -1,000000 -101,000000 0,000000 0,000000
106 1686494125 35502,400000 -1,000000 -101,000000 0,000000 0,000000
106 1686494126 9387,800000 -1,000000 -101,000000 0,000000 0,000000
106 1686494127 9387,800000 -1,000000 -101,000000 0,000000 0,000000
106 1686494128 9387,800000 -1,000000 -101,000000 0,000000 0,000000
106 1686494129 9387,800000 -1,000000 -101,000000 0,000000 0,000000
106 1686494130 9387,800000 -1,000000 -101,000000 0,000000 0,000000
106 1686494131 4042,200000 -1,000000 -101,000000 0,000000 0,000000
106 1686494132 4042,200000 -1,000000 -101,000000 0,000000 0,000000
106 1686494133 4042,200000 -1,000000 -101,000000 0,000000 0,000000
106 1686494134 4042,200000 -1,000000 -101,000000 0,000000 0,000000
106 1686494135 4042,200000 -1,000000 -101,000000 0,000000 0,000000
106 1686494136 6446,800000 -1,000000 -101,000000 0,000000 0,000000
106 1686494137 6446,800000 -1,000000 -101,000000 0,000000 0,000000
106 1686494138 6446,800000 -1,000000 -101,000000 0,000000 0,000000
106 1686494139 6446,800000 -1,000000 -101,000000 0,000000 0,000000
106 1686494140 6446,800000 -1,000000 -101,000000 0,000000 0,000000
106 1686494141 33231,400000 -1,000000 -101,000000 0,000000 0,000000
106 1686494142 33231,400000 -1,000000 -101,000000 0,000000 0,000000
106 1686494143 33231,400000 -1,000000 -101,000000 0,000000 0,000000
106 1686494144 33231,400000 -1,000000 -101,000000 0,000000 0,000000
106 1686494145 33231,400000 -1,000000 -101,000000 0,000000 0,000000
106 1686494146 4280,000000 -1,000000 -101,000000 0,000000 0,000000
106 1686494147 4280,000000 -1,000000 -101,000000 0,000000 0,000000
106 1686494148 4280,000000 -1,000000 -101,000000 0,000000 0,000000
106 1686494149 4280,000000 -1,000000 -101,000000 0,000000 0,000000
106 1686494150 4280,000000 -1,000000 -101,000000 0,000000 0,000000
106 1686494151 7370,000000 -1,000000 -101,000000 0,000000 0,000000
106 1686494152 7370,000000 -1,000000 -101,000000 0,000000 0,000000
106 1686494153 7370,000000 -1,000000 -101,000000 0,000000 0,000000
106 1686494154 7370,000000 -1,000000 -101,000000 0,000000 0,000000
106 1686494155 7370,000000 -1,000000 -101,000000 0,000000 0,000000
106 1686494156 42543,600000 -1,000000 -101,000000 0,000000 0,000000
106 1686494157 42543,600000 -1,000000 -101,000000 0,000000 0,000000
106 1686494158 42543,600000 -1,000000 -101,000000 0,000000 0,000000
106 1686494159 42543,600000 -1,000000 -101,000000 0,000000 0,000000
106 1686494160 42543,600000 -1,000000 -101,000000 0,000000 0,000000
106 1686494161 40019,800000 -1,000000 -101,000000 0,000000 0,000000
106 1686494162 40019,800000 -1,000000 -101,000000 0,000000 0,000000
106 1686494163 40019,800000 -1,000000 -101,000000 0,000000 0,000000
106 1686494164 40019,800000 -1,000000 -101,000000 0,000000 0,000000
106 1686494165 40019,800000 -1,000000 -101,000000 0,000000 0,000000
106 1686494166 37496,200000 -1,000000 -101,000000 0,000000 0,000000
106 1686494167 37496,200000 -1,000000 -101,000000 0,000000 0,000000
106 1686494168 37496,200000 -1,000000 -101,000000 0,000000 0,000000
106 1686494169 37496,200000 -1,000000 -101,000000 0,000000 0,000000
106 1686494170 37496,200000 -1,000000 -101,000000 0,000000 0,000000
106 1686494171 7012,200000 -1,000000 -101,000000 0,000000 0,000000
106 1686494172 7012,200000 -1,000000 -101,000000 0,000000 0,000000
106 1686494173 7012,200000 -1,000000 -101,000000 0,000000 0,000000
106 1686494174 7012,200000 -1,000000 -101,000000 0,000000 0,000000
106 1686494175 7012,200000 -1,000000 -101,000000 0,000000 0,000000
106 1686494176 6085,000000 -1,000000 -101,000000 0,000000 0,000000
106 1686494177 6085,000000 -1,000000 -101,000000 0,000000 0,000000
106 1686494178 6085,000000 -1,000000 -101,000000 0,000000 0,000000
106 1686494179 6085,000000 -1,000000 -101,000000 0,000000 0,000000
106 1686494180 6085,000000 -1,000000 -101,000000 0,000000 0,000000
106 1686494181 34202,800000 -1,000000 -101,000000 0,000000 0,000000
106 1686494182 34202,800000 -1,000000 -101,000000 0,000000 0,000000
106 1686494183 34202,800000 -1,000000 -101,000000 0,000000 0,000000
106 1686494184 34202,800000 -1,000000 -101,000000 0,000000 0,000000
106 1686494185 34202,800000 -1,000000 -101,000000 0,000000 0,000000
106 1686494186 1154,400000 -1,000000 -101,000000 0,000000 0,000000
106 1686494187 1154,400000 -1,000000 -101,000000 0,000000 0,000000
106 1686494188 1154,400000 -1,000000 -101,000000 0,000000 0,000000
106 1686494189 1154,400000 -1,000000 -101,000000 0,000000 0,000000
106 1686494190 1154,400000 -1,000000 -101,000000 0,000000 0,000000
106 1686494191 6358,000000 -1,000000 -101,000000 0,000000 0,000000
106 1686494192 6358,000000 -1,000000 -101,000000 0,000000 0,000000
106 1686494193 6358,000000 -1,000000 -101,000000 0,000000 0,000000
106 1686494194 6358,000000 -1,000000 -101,000000 0,000000 0,000000
106 1686494195 6358,000000 -1,000000 -101,000000 0,000000 0,000000
106 1686494196 30423,400000 -1,000000 -101,000000 0,000000 0,000000
106 1686494197 30423,400000 -1,000000 -101,000000 0,000000 0,000000
106 1686494198 30423,400000 -1,000000 -101,000000 0,000000 0,000000
106 1686494199 30423,400000 -1,000000 -101,000000 0,000000 0,000000
106 1686494200 30423,400000 -1,000000 -101,000000 0,000000 0,000000
106 1686494201 4825,600000 -1,000000 -101,000000 0,000000 0,000000
106 1686494202 4825,600000 -1,000000 -101,000000 0,000000 0,000000
106 1686494203 4825,600000 -1,000000 -101,000000 0,000000 0,000000
106 1686494204 4825,600000 -1,000000 -101,000000 0,000000 0,000000
106 1686494205 4825,600000 -1,000000 -101,000000 0,000000 0,000000
106 1686494206 6177,600000 -1,000000 -101,000000 0,000000 0,000000
106 1686494207 6177,600000 -1,000000 -101,000000 0,000000 0,000000
106 1686494208 6177,600000 -1,000000 -101,000000 0,000000 0,000000
106 1686494209 6177,600000 -1,000000 -101,000000 0,000000 0,000000
106 1686494210 6177,600000 -1,000000 -101,000000 0,000000 0,000000
106 1686494211 35050,000000 -1,000000 -101,000000 0,000000 0,000000
106 1686494212 35050,000000 -1,000000 -101,000000 0,000000 0,000000
106 1686494213 35050,000000 -1,000000 -101,000000 0,000000 0,000000
106 1686494214 35050,000000 -1,000000 -101,000000 0,000000 0,000000
106 1686494215 35050,000000 -1,000000 -101,000000 0,000000 0,000000
106 1686494216 36072,200000 -1,000000 -101,000000 0,000000 0,000000
106 1686494217 36072,200000 -1,000000 -101,000000 0,000000 0,000000
106 1686494218 36072,200000 -1,000000 -101,000000 0,000000 0,000000
106 1686494219 36072,200000 -1,000000 -101,000000 0,000000 0,000000
106 1686494220 36072,200000 -1,000000 -101,000000 0,000000 0,000000
106 1686494221 36321,400000 -1,000000 -101,000000 0,000000 0,000000
106 1686494222 36321,400000 -1,000000 -101,000000 0,000000 0,000000
106 1686494223 36321,400000 -1,000000 -101,000000 0,000000 0,000000
106 1686494224 36321,400000 -1,000000 -101,000000 0,000000 0,000000
106 1686494225 36321,400000 -1,000000 -101,000000 0,000000 0,000000
106 1686494226 2659,200000 -1,000000 -101,000000 0,000000 0,000000
106 1686494227 2659,200000 -1,000000 -101,000000 0,000000 0,000000
106 1686494228 2659,200000 -1,000000 -101,000000 0,000000 0,000000
106 1686494229 2659,200000 -1,000000 -101,000000 0,000000 0,000000
106 1686494230 2659,200000 -1,000000 -101,000000 0,000000 0,000000
106 1686494231 6569,200000 -1,000000 -101,000000 0,000000 0,000000
106 1686494232 6569,200000 -1,000000 -101,000000 0,000000 0,000000
106 1686494233 6569,200000 -1,000000 -101,000000 0,000000 0,000000
106 1686494234 6569,200000 -1,000000 -101,000000 0,000000 0,000000
106 1686494235 6569,200000 -1,000000 -101,000000 0,000000 0,000000
106 1686494236 36824,800000 -1,000000 -101,000000 0,000000 0,000000
106 1686494237 36824,800000 -1,000000 -101,000000 0,000000 0,000000
106 1686494238 36824,800000 -1,000000 -101,000000 0,000000 0,000000
106 1686494239 36824,800000 -1,000000 -101,000000 0,000000 0,000000
106 1686494240 36824,800000 -1,000000 -101,000000 0,000000 0,000000
106 1686494241 6393,600000 -1,000000 -101,000000 0,000000 0,000000
106 1686494242 6393,600000 -1,000000 -101,000000 0,000000 0,000000
106 1686494243 6393,600000 -1,000000 -101,000000 0,000000 0,000000
106 1686494244 6393,600000 -1,000000 -101,000000 0,000000 0,000000
106 1686494245 6393,600000 -1,000000 -101,000000 0,000000 0,000000
106 1686494246 10703,600000 -1,000000 -101,000000 0,000000 0,000000
106 1686494247 10703,600000 -1,000000 -101,000000 0,000000 0,000000
106 1686494248 10703,600000 -1,000000 -101,000000 0,000000 0,000000
106 1686494249 10703,600000 -1,000000 -101,000000 0,000000 0,000000
106 1686494250 10703,600000 -1,000000 -101,000000 0,000000 0,000000
106 1686494251 45143,600000 -1,000000 -101,000000 0,000000 0,000000
106 1686494252 45143,600000 -1,000000 -101,000000 0,000000 0,000000
106 1686494253 45143,600000 -1,000000 -101,000000 0,000000 0,000000
106 1686494254 45143,600000 -1,000000 -101,000000 0,000000 0,000000
106 1686494255 45143,600000 -1,000000 -101,000000 0,000000 0,000000
106 1686494256 38200,800000 -1,000000 -101,000000 0,000000 0,000000
106 1686494257 38200,800000 -1,000000 -101,000000 0,000000 0,000000
106 1686494258 38200,800000 -1,000000 -101,000000 0,000000 0,000000
106 1686494259 38200,800000 -1,000000 -101,000000 0,000000 0,000000
106 1686494260 38200,800000 -1,000000 -101,000000 0,000000 0,000000
106 1686494261 98800,600000 -1,000000 -101,000000 0,000000 0,000000
106 1686494262 98800,600000 -1,000000 -101,000000 0,000000 0,000000
106 1686494263 98800,600000 -1,000000 -101,000000 0,000000 0,000000
106 1686494264 98800,600000 -1,000000 -101,000000 0,000000 0,000000
106 1686494265 98800,600000 -1,000000 -101,000000 0,000000 0,000000
106 1686494266 4229,600000 -1,000000 -101,000000 0,000000 0,000000
106 1686494267 4229,600000 -1,000000 -101,000000 0,000000 0,000000
106 1686494268 4229,600000 -1,000000 -101,000000 0,000000 0,000000
106 1686494269 4229,600000 -1,000000 -101,000000 0,000000 0,000000
106 1686494270 4229,600000 -1,000000 -101,000000 0,000000 0,000000
106 1686494271 6374,000000 -1,000000 -101,000000 0,000000 0,000000
106 1686494272 6374,000000 -1,000000 -101,000000 0,000000 0,000000
106 1686494273 6374,000000 -1,000000 -101,000000 0,000000 0,000000
106 1686494274 6374,000000 -1,000000 -101,000000 0,000000 0,000000
106 1686494275 6374,000000 -1,000000 -101,000000 0,000000 0,000000
106 1686494276 38685,200000 -1,000000 -101,000000 0,000000 0,000000
106 1686494277 38685,200000 -1,000000 -101,000000 0,000000 0,000000
106 1686494278 38685,200000 -1,000000 -101,000000 0,000000 0,000000
106 1686494279 38685,200000 -1,000000 -101,000000 0,000000 0,000000
106 1686494280 38685,200000 -1,000000 -101,000000 0,000000 0,000000
106 1686494281 3601,600000 -1,000000 -101,000000 0,000000 0,000000
106 1686494282 3601,600000 -1,000000 -101,000000 0,000000 0,000000
106 1686494283 3601,600000 -1,000000 -101,000000 0,000000 0,000000
106 1686494284 3601,600000 -1,000000 -101,000000 0,000000 0,000000
106 1686494285 3601,600000 -1,000000 -101,000000 0,000000 0,000000
106 1686494286 3600,000000 -1,000000 -101,000000 0,000000 0,000000
106 1686494287 3600,000000 -1,000000 -101,000000 0,000000 0,000000
106 1686494288 3600,000000 -1,000000 -101,000000 0,000000 0,000000
106 1686494289 3600,000000 -1,000000 -101,000000 0,000000 0,000000
106 1686494290 3600,000000 -1,000000 -101,000000 0,000000 0,000000
106 1686494291 2162,000000 -1,000000 -101,000000 0,000000 0,000000
106 1686494292 2162,000000 -1,000000 -101,000000 0,000000 0,000000
106 1686494293 2162,000000 -1,000000 -101,000000 0,000000 0,000000
106 1686494294 2162,000000 -1,000000 -101,000000 0,000000 0,000000
106 1686494295 2162,000000 -1,000000 -101,000000 0,000000 0,000000
106 1686494296 5343,000000 -1,000000 -101,000000 0,000000 0,000000
106 1686494297 5343,000000 -1,000000 -101,000000 0,000000 0,000000
106 1686494298 5343,000000 -1,000000 -101,000000 0,000000 0,000000
106 1686494299 5343,000000 -1,000000 -101,000000 0,000000 0,000000
106 1686494300 5343,000000 -1,000000 -101,000000 0,000000 0,000000
106 1686494301 38530,000000 -1,000000 -101,000000 0,000000 0,000000
106 1686494302 38530,000000 -1,000000 -101,000000 0,000000 0,000000
106 1686494303 38530,000000 -1,000000 -101,000000 0,000000 0,000000
106 1686494304 38530,000000 -1,000000 -101,000000 0,000000 0,000000
106 1686494305 38530,000000 -1,000000 -101,000000 0,000000 0,000000
106 1686494306 46417,200000 -1,000000 -101,000000 0,000000 0,000000
106 1686494307 46417,200000 -1,000000 -101,000000 0,000000 0,000000
106 1686494308 46417,200000 -1,000000 -101,000000 0,000000 0,000000
106 1686494309 46417,200000 -1,000000 -101,000000 0,000000 0,000000
106 1686494310 46417,200000 -1,000000 -101,000000 0,000000 0,000000
106 1686494311 43803,800000 -1,000000 -101,000000 0,000000 0,000000
106 1686494312 43803,800000 -1,000000 -101,000000 0,000000 0,000000
106 1686494313 43803,800000 -1,000000 -101,000000 0,000000 0,000000
106 1686494314 43803,800000 -1,000000 -101,000000 0,000000 0,000000
106 1686494315 43803,800000 -1,000000 -101,000000 0,000000 0,000000
106 1686494316 39901,200000 -1,000000 -101,000000 0,000000 0,000000
106 1686494317 39901,200000 -1,000000 -101,000000 0,000000 0,000000
106 1686494318 39901,200000 -1,000000 -101,000000 0,000000 0,000000
106 1686494319 39901,200000 -1,000000 -101,000000 0,000000 0,000000
106 1686494320 39901,200000 -1,000000 -101,000000 0,000000 0,000000
106 1686494321 5859,800000 -1,000000 -101,000000 0,000000 0,000000
106 1686494322 5859,800000 -1,000000 -101,000000 0,000000 0,000000
106 1686494323 5859,800000 -1,000000 -101,000000 0,000000 0,000000
106 1686494324 5859,800000 -1,000000 -101,000000 0,000000 0,000000
106 1686494325 5859,800000 -1,000000 -101,000000 0,000000 0,000000
106 1686494326 5787,000000 -1,000000 -101,000000 0,000000 0,000000
106 1686494327 5787,000000 -1,000000 -101,000000 0,000000 0,000000
106 1686494328 5787,000000 -1,000000 -101,000000 0,000000 0,000000
106 1686494329 5787,000000 -1,000000 -101,000000 0,000000 0,000000
106 1686494330 5787,000000 -1,000000 -101,000000 0,000000 0,000000
106 1686494331 4224,800000 -1,000000 -101,000000 0,000000 0,000000
106 1686494332 4224,800000 -1,000000 -101,000000 0,000000 0,000000
106 1686494333 4224,800000 -1,000000 -101,000000 0,000000 0,000000
106 1686494334 4224,800000 -1,000000 -101,000000 0,000000 0,000000
106 1686494335 4224,800000 -1,000000 -101,000000 0,000000 0,000000
106 1686494336 5883,600000 -1,000000 -101,000000 0,000000 0,000000
106 1686494337 5883,600000 -1,000000 -101,000000 0,000000 0,000000
106 1686494338 5883,600000 -1,000000 -101,000000 0,000000 0,000000
106 1686494339 5883,600000 -1,000000 -101,000000 0,000000 0,000000
106 1686494340 5883,600000 -1,000000 -101,000000 0,000000 0,000000
106 1686494341 36082,200000 -1,000000 -101,000000 0,000000 0,000000
106 1686494342 36082,200000 -1,000000 -101,000000 0,000000 0,000000
106 1686494343 36082,200000 -1,000000 -101,000000 0,000000 0,000000
106 1686494344 36082,200000 -1,000000 -101,000000 0,000000 0,000000
106 1686494345 36082,200000 -1,000000 -101,000000 0,000000 0,000000
106 1686494346 2468,000000 -1,000000 -101,000000 0,000000 0,000000
106 1686494347 2468,000000 -1,000000 -101,000000 0,000000 0,000000
106 1686494348 2468,000000 -1,000000 -101,000000 0,000000 0,000000
106 1686494349 2468,000000 -1,000000 -101,000000 0,000000 0,000000
106 1686494350 2468,000000 -1,000000 -101,000000 0,000000 0,000000
106 1686494351 42443,800000 -1,000000 -101,000000 0,000000 0,000000
106 1686494352 42443,800000 -1,000000 -101,000000 0,000000 0,000000
106 1686494353 42443,800000 -1,000000 -101,000000 0,000000 0,000000
106 1686494354 42443,800000 -1,000000 -101,000000 0,000000 0,000000
106 1686494355 42443,800000 -1,000000 -101,000000 0,000000 0,000000
106 1686494356 72513,600000 -1,000000 -101,000000 0,000000 0,000000
106 1686494357 72513,600000 -1,000000 -101,000000 0,000000 0,000000
106 1686494358 72513,600000 -1,000000 -101,000000 0,000000 0,000000
106 1686494359 72513,600000 -1,000000 -101,000000 0,000000 0,000000
106 1686494360 72513,600000 -1,000000 -101,000000 0,000000 0,000000
106 1686494361 2593,000000 -1,000000 -101,000000 0,000000 0,000000
106 1686494362 2593,000000 -1,000000 -101,000000 0,000000 0,000000
106 1686494363 2593,000000 -1,000000 -101,000000 0,000000 0,000000
106 1686494364 2593,000000 -1,000000 -101,000000 0,000000 0,000000
106 1686494365 2593,000000 -1,000000 -101,000000 0,000000 0,000000
106 1686494366 3042,600000 -1,000000 -101,000000 0,000000 0,000000
106 1686494367 3042,600000 -1,000000 -101,000000 0,000000 0,000000
106 1686494368 3042,600000 -1,000000 -101,000000 0,000000 0,000000
106 1686494369 3042,600000 -1,000000 -101,000000 0,000000 0,000000
106 1686494370 3042,600000 -1,000000 -101,000000 0,000000 0,000000
106 1686494371 4656,600000 -1,000000 -101,000000 0,000000 0,000000
106 1686494372 4656,600000 -1,000000 -101,000000 0,000000 0,000000
106 1686494373 4656,600000 -1,000000 -101,000000 0,000000 0,000000
106 1686494374 4656,600000 -1,000000 -101,000000 0,000000 0,000000
106 1686494375 4656,600000 -1,000000 -101,000000 0,000000 0,000000
106 1686494376 5911,800000 -1,000000 -101,000000 0,000000 0,000000
106 1686494377 5911,800000 -1,000000 -101,000000 0,000000 0,000000
106 1686494378 5911,800000 -1,000000 -101,000000 0,000000 0,000000
106 1686494379 5911,800000 -1,000000 -101,000000 0,000000 0,000000
106 1686494380 5911,800000 -1,000000 -101,000000 0,000000 0,000000
106 1686494381 29889,600000 -1,000000 -101,000000 0,000000 0,000000
106 1686494382 29889,600000 -1,000000 -101,000000 0,000000 0,000000
106 1686494383 29889,600000 -1,000000 -101,000000 0,000000 0,000000
106 1686494384 29889,600000 -1,000000 -101,000000 0,000000 0,000000
106 1686494385 29889,600000 -1,000000 -101,000000 0,000000 0,000000
106 1686494386 4652,600000 -1,000000 -101,000000 0,000000 0,000000
106 1686494387 4652,600000 -1,000000 -101,000000 0,000000 0,000000
106 1686494388 4652,600000 -1,000000 -101,000000 0,000000 0,000000
106 1686494389 4652,600000 -1,000000 -101,000000 0,000000 0,000000
106 1686494390 4652,600000 -1,000000 -101,000000 0,000000 0,000000
106 1686494391 7929,800000 -1,000000 -101,000000 0,000000 0,000000
106 1686494392 7929,800000 -1,000000 -101,000000 0,000000 0,000000
106 1686494393 7929,800000 -1,000000 -101,000000 0,000000 0,000000
106 1686494394 7929,800000 -1,000000 -101,000000 0,000000 0,000000
106 1686494395 7929,800000 -1,000000 -101,000000 0,000000 0,000000
106 1686494396 74830,800000 -1,000000 -101,000000 0,000000 0,000000
106 1686494397 74830,800000 -1,000000 -101,000000 0,000000 0,000000
106 1686494398 74830,800000 -1,000000 -101,000000 0,000000 0,000000
106 1686494399 74830,800000 -1,000000 -101,000000 0,000000 0,000000
106 1686494400 74830,800000 -1,000000 -101,000000 0,000000 0,000000
106 1686494401 37085,200000 -1,000000 -101,000000 0,000000 0,000000
106 1686494402 37085,200000 -1,000000 -101,000000 0,000000 0,000000
106 1686494403 37085,200000 -1,000000 -101,000000 0,000000 0,000000
106 1686494404 37085,200000 -1,000000 -101,000000 0,000000 0,000000
106 1686494405 37085,200000 -1,000000 -101,000000 0,000000 0,000000
106 1686494406 4048,000000 -1,000000 -101,000000 0,000000 0,000000
106 1686494407 4048,000000 -1,000000 -101,000000 0,000000 0,000000
106 1686494408 4048,000000 -1,000000 -101,000000 0,000000 0,000000
106 1686494409 4048,000000 -1,000000 -101,000000 0,000000 0,000000
106 1686494410 4048,000000 -1,000000 -101,000000 0,000000 0,000000
106 1686494411 8917,000000 -1,000000 -101,000000 0,000000 0,000000
106 1686494412 8917,000000 -1,000000 -101,000000 0,000000 0,000000
106 1686494413 8917,000000 -1,000000 -101,000000 0,000000 0,000000
106 1686494414 8917,000000 -1,000000 -101,000000 0,000000 0,000000
106 1686494415 8917,000000 -1,000000 -101,000000 0,000000 0,000000
106 1686494416 7485,000000 -1,000000 -101,000000 0,000000 0,000000
106 1686494417 7485,000000 -1,000000 -101,000000 0,000000 0,000000
106 1686494418 7485,000000 -1,000000 -101,000000 0,000000 0,000000
106 1686494419 7485,000000 -1,000000 -101,000000 0,000000 0,000000
106 1686494420 7485,000000 -1,000000 -101,000000 0,000000 0,000000
106 1686494421 37526,200000 -1,000000 -101,000000 0,000000 0,000000
106 1686494422 37526,200000 -1,000000 -101,000000 0,000000 0,000000
106 1686494423 37526,200000 -1,000000 -101,000000 0,000000 0,000000
106 1686494424 37526,200000 -1,000000 -101,000000 0,000000 0,000000
106 1686494425 37526,200000 -1,000000 -101,000000 0,000000 0,000000
106 1686494426 2732,600000 -1,000000 -101,000000 0,000000 0,000000
106 1686494427 2732,600000 -1,000000 -101,000000 0,000000 0,000000
106 1686494428 2732,600000 -1,000000 -101,000000 0,000000 0,000000
106 1686494429 2732,600000 -1,000000 -101,000000 0,000000 0,000000
106 1686494430 2732,600000 -1,000000 -101,000000 0,000000 0,000000
106 1686494431 5018,800000 -1,000000 -101,000000 0,000000 0,000000
106 1686494432 5018,800000 -1,000000 -101,000000 0,000000 0,000000
106 1686494433 5018,800000 -1,000000 -101,000000 0,000000 0,000000
106 1686494434 5018,800000 -1,000000 -101,000000 0,000000 0,000000
106 1686494435 5018,800000 -1,000000 -101,000000 0,000000 0,000000
106 1686494436 35957,800000 -1,000000 -101,000000 0,000000 0,000000
106 1686494437 35957,800000 -1,000000 -101,000000 0,000000 0,000000
106 1686494438 35957,800000 -1,000000 -101,000000 0,000000 0,000000
106 1686494439 35957,800000 -1,000000 -101,000000 0,000000 0,000000
106 1686494440 35957,800000 -1,000000 -101,000000 0,000000 0,000000
106 1686494441 6100,000000 -1,000000 -101,000000 0,000000 0,000000
106 1686494442 6100,000000 -1,000000 -101,000000 0,000000 0,000000
106 1686494443 6100,000000 -1,000000 -101,000000 0,000000 0,000000
106 1686494444 6100,000000 -1,000000 -101,000000 0,000000 0,000000
106 1686494445 6100,000000 -1,000000 -101,000000 0,000000 0,000000
106 1686494446 39193,200000 -1,000000 -101,000000 0,000000 0,000000
106 1686494447 39193,200000 -1,000000 -101,000000 0,000000 0,000000
106 1686494448 39193,200000 -1,000000 -101,000000 0,000000 0,000000
106 1686494449 39193,200000 -1,000000 -101,000000 0,000000 0,000000
106 1686494450 39193,200000 -1,000000 -101,000000 0,000000 0,000000
106 1686494451 75517,600000 -1,000000 -101,000000 0,000000 0,000000
106 1686494452 75517,600000 -1,000000 -101,000000 0,000000 0,000000
106 1686494453 75517,600000 -1,000000 -101,000000 0,000000 0,000000
106 1686494454 75517,600000 -1,000000 -101,000000 0,000000 0,000000
106 1686494455 75517,600000 -1,000000 -101,000000 0,000000 0,000000
106 1686494456 8316,600000 -1,000000 -101,000000 0,000000 0,000000
106 1686494457 8316,600000 -1,000000 -101,000000 0,000000 0,000000
106 1686494458 8316,600000 -1,000000 -101,000000 0,000000 0,000000
106 1686494459 8316,600000 -1,000000 -101,000000 0,000000 0,000000
106 1686494460 8316,600000 -1,000000 -101,000000 0,000000 0,000000
106 1686494461 78259,200000 -1,000000 -101,000000 0,000000 0,000000
106 1686494462 78259,200000 -1,000000 -101,000000 0,000000 0,000000
106 1686494463 78259,200000 -1,000000 -101,000000 0,000000 0,000000
106 1686494464 78259,200000 -1,000000 -101,000000 0,000000 0,000000
106 1686494465 78259,200000 -1,000000 -101,000000 0,000000 0,000000
106 1686494466 3743,800000 -1,000000 -101,000000 0,000000 0,000000
106 1686494467 3743,800000 -1,000000 -101,000000 0,000000 0,000000
106 1686494468 3743,800000 -1,000000 -101,000000 0,000000 0,000000
106 1686494469 3743,800000 -1,000000 -101,000000 0,000000 0,000000
106 1686494470 3743,800000 -1,000000 -101,000000 0,000000 0,000000
106 1686494471 6346,200000 -1,000000 -101,000000 0,000000 0,000000
106 1686494472 6346,200000 -1,000000 -101,000000 0,000000 0,000000
106 1686494473 6346,200000 -1,000000 -101,000000 0,000000 0,000000
106 1686494474 6346,200000 -1,000000 -101,000000 0,000000 0,000000
106 1686494475 6346,200000 -1,000000 -101,000000 0,000000 0,000000
106 1686494476 38369,400000 -1,000000 -101,000000 0,000000 0,000000
106 1686494477 38369,400000 -1,000000 -101,000000 0,000000 0,000000
106 1686494478 38369,400000 -1,000000 -101,000000 0,000000 0,000000
106 1686494479 38369,400000 -1,000000 -101,000000 0,000000 0,000000
106 1686494480 38369,400000 -1,000000 -101,000000 0,000000 0,000000
106 1686494481 11559,200000 -1,000000 -101,000000 0,000000 0,000000
106 1686494482 11559,200000 -1,000000 -101,000000 0,000000 0,000000
106 1686494483 11559,200000 -1,000000 -101,000000 0,000000 0,000000
106 1686494484 11559,200000 -1,000000 -101,000000 0,000000 0,000000
106 1686494485 11559,200000 -1,000000 -101,000000 0,000000 0,000000
106 1686494486 10020,800000 -1,000000 -101,000000 0,000000 0,000000
106 1686494487 10020,800000 -1,000000 -101,000000 0,000000 0,000000
106 1686494488 10020,800000 -1,000000 -101,000000 0,000000 0,000000
106 1686494489 10020,800000 -1,000000 -101,000000 0,000000 0,000000
106 1686494490 10020,800000 -1,000000 -101,000000 0,000000 0,000000
106 1686494491 31046,800000 -1,000000 -101,000000 0,000000 0,000000
106 1686494492 31046,800000 -1,000000 -101,000000 0,000000 0,000000
106 1686494493 31046,800000 -1,000000 -101,000000 0,000000 0,000000
106 1686494494 31046,800000 -1,000000 -101,000000 0,000000 0,000000
106 1686494495 31046,800000 -1,000000 -101,000000 0,000000 0,000000
106 1686494496 32064,200000 -1,000000 -101,000000 0,000000 0,000000
106 1686494497 32064,200000 -1,000000 -101,000000 0,000000 0,000000
106 1686494498 32064,200000 -1,000000 -101,000000 0,000000 0,000000
106 1686494499 32064,200000 -1,000000 -101,000000 0,000000 0,000000
106 1686494500 32064,200000 -1,000000 -101,000000 0,000000 0,000000
106 1686494501 39552,200000 -1,000000 -101,000000 0,000000 0,000000
106 1686494502 39552,200000 -1,000000 -101,000000 0,000000 0,000000
106 1686494503 39552,200000 -1,000000 -101,000000 0,000000 0,000000
106 1686494504 39552,200000 -1,000000 -101,000000 0,000000 0,000000
106 1686494505 39552,200000 -1,000000 -101,000000 0,000000 0,000000
106 1686494506 2645,600000 -1,000000 -101,000000 0,000000 0,000000
106 1686494507 2645,600000 -1,000000 -101,000000 0,000000 0,000000
106 1686494508 2645,600000 -1,000000 -101,000000 0,000000 0,000000
106 1686494509 2645,600000 -1,000000 -101,000000 0,000000 0,000000
106 1686494510 2645,600000 -1,000000 -101,000000 0,000000 0,000000
106 1686494511 4080,600000 -1,000000 -101,000000 0,000000 0,000000
106 1686494512 4080,600000 -1,000000 -101,000000 0,000000 0,000000
106 1686494513 4080,600000 -1,000000 -101,000000 0,000000 0,000000
106 1686494514 4080,600000 -1,000000 -101,000000 0,000000 0,000000
106 1686494515 4080,600000 -1,000000 -101,000000 0,000000 0,000000
106 1686494516 42856,800000 -1,000000 -101,000000 0,000000 0,000000
106 1686494517 42856,800000 -1,000000 -101,000000 0,000000 0,000000
106 1686494518 42856,800000 -1,000000 -101,000000 0,000000 0,000000
106 1686494519 42856,800000 -1,000000 -101,000000 0,000000 0,000000
106 1686494520 42856,800000 -1,000000 -101,000000 0,000000 0,000000
106 1686494521 5102,200000 -1,000000 -101,000000 0,000000 0,000000
106 1686494522 5102,200000 -1,000000 -101,000000 0,000000 0,000000
106 1686494523 5102,200000 -1,000000 -101,000000 0,000000 0,000000
106 1686494524 5102,200000 -1,000000 -101,000000 0,000000 0,000000
106 1686494525 5102,200000 -1,000000 -101,000000 0,000000 0,000000
106 1686494526 3333,800000 -1,000000 -101,000000 0,000000 0,000000
106 1686494527 3333,800000 -1,000000 -101,000000 0,000000 0,000000
106 1686494528 3333,800000 -1,000000 -101,000000 0,000000 0,000000
106 1686494529 3333,800000 -1,000000 -101,000000 0,000000 0,000000
106 1686494530 3333,800000 -1,000000 -101,000000 0,000000 0,000000
106 1686494531 6236,200000 -1,000000 -101,000000 0,000000 0,000000
106 1686494532 6236,200000 -1,000000 -101,000000 0,000000 0,000000
106 1686494533 6236,200000 -1,000000 -101,000000 0,000000 0,000000
106 1686494534 6236,200000 -1,000000 -101,000000 0,000000 0,000000
106 1686494535 6236,200000 -1,000000 -101,000000 0,000000 0,000000
106 1686494536 4973,200000 -1,000000 -101,000000 0,000000 0,000000
106 1686494537 4973,200000 -1,000000 -101,000000 0,000000 0,000000
106 1686494538 4973,200000 -1,000000 -101,000000 0,000000 0,000000
106 1686494539 4973,200000 -1,000000 -101,000000 0,000000 0,000000
106 1686494540 4973,200000 -1,000000 -101,000000 0,000000 0,000000
106 1686494541 70468,400000 -1,000000 -101,000000 0,000000 0,000000
106 1686494542 70468,400000 -1,000000 -101,000000 0,000000 0,000000
106 1686494543 70468,400000 -1,000000 -101,000000 0,000000 0,000000
106 1686494544 70468,400000 -1,000000 -101,000000 0,000000 0,000000
106 1686494545 70468,400000 -1,000000 -101,000000 0,000000 0,000000
106 1686494546 36835,400000 -1,000000 -101,000000 0,000000 0,000000
106 1686494547 36835,400000 -1,000000 -101,000000 0,000000 0,000000
106 1686494548 36835,400000 -1,000000 -101,000000 0,000000 0,000000
106 1686494549 36835,400000 -1,000000 -101,000000 0,000000 0,000000
106 1686494550 36835,400000 -1,000000 -101,000000 0,000000 0,000000
106 1686494551 6355,400000 -1,000000 -101,000000 0,000000 0,000000
106 1686494552 6355,400000 -1,000000 -101,000000 0,000000 0,000000
106 1686494553 6355,400000 -1,000000 -101,000000 0,000000 0,000000
106 1686494554 6355,400000 -1,000000 -101,000000 0,000000 0,000000
