114 1686493242 0,000000 0,000000 -101,000000 0,000000 0,000000
114 1686493243 0,000000 0,000000 -101,000000 0,000000 0,000000
114 1686493244 0,000000 0,000000 -101,000000 0,000000 0,000000
114 1686493245 0,000000 0,000000 -101,000000 0,000000 0,000000
114 1686493246 4,000000 0,400000 1,600000 1,600000 -20,200000
114 1686493247 4,000000 0,400000 3,200000 3,200000 -20,200000
114 1686493248 4,000000 0,400000 4,800000 4,800000 -20,200000
114 1686493249 4,000000 0,400000 6,400000 6,400000 -20,200000
114 1686493250 4,000000 0,400000 8,000000 8,000000 -20,200000
114 1686493251 1,600000 1,000000 9,600000 9,600000 -20,200000
114 1686493252 1,600000 1,000000 11,200000 11,200000 -20,200000
114 1686493253 1,600000 1,000000 12,800000 12,800000 -20,200000
114 1686493254 1,600000 1,000000 14,400000 14,400000 -20,200000
114 1686493255 1,600000 1,000000 16,000000 16,000000 -20,200000
114 1686493256 0,600000 2,000000 17,200000 17,200000 -20,200000
114 1686493257 0,600000 2,000000 18,400000 18,400000 -20,200000
114 1686493258 0,600000 2,000000 19,600000 19,600000 -20,200000
114 1686493259 0,600000 2,000000 20,800000 20,800000 -20,200000
114 1686493260 0,600000 2,000000 22,000000 22,000000 -20,200000
114 1686493261 0,000000 3,800000 22,000000 22,000000 -20,200000
114 1686493262 0,000000 3,800000 22,000000 22,000000 -20,200000
114 1686493263 0,000000 3,800000 22,000000 22,000000 -20,200000
114 1686493264 0,000000 3,800000 22,000000 22,000000 -20,200000
114 1686493265 0,000000 3,800000 22,000000 22,000000 -20,200000
114 1686493266 0,166667 4,800000 22,800000 22,800000 -20,200000
114 1686493267 0,166667 4,800000 23,600000 23,600000 -20,200000
114 1686493268 0,166667 4,800000 24,400000 24,400000 -20,200000
114 1686493269 0,166667 4,800000 25,200000 25,200000 -20,200000
114 1686493270 0,166667 4,800000 26,000000 26,000000 -20,200000
114 1686493271 0,194444 7,200000 27,400000 27,400000 -20,200000
114 1686493272 0,194444 7,200000 28,800000 28,800000 -20,200000
114 1686493273 0,194444 7,200000 30,200000 30,200000 -20,200000
114 1686493274 0,194444 7,200000 31,600000 31,600000 -20,200000
114 1686493275 0,194444 7,200000 33,000000 33,000000 -20,200000
114 1686493276 -0,048780 8,200000 32,600000 32,600000 -20,200000
114 1686493277 -0,048780 8,200000 32,200000 32,200000 -20,200000
114 1686493278 -0,048780 8,200000 31,800000 31,800000 -20,200000
114 1686493279 -0,048780 8,200000 31,400000 31,400000 -20,200000
114 1686493280 -0,048780 8,200000 31,000000 31,000000 -20,200000
114 1686493281 -0,133333 9,000000 29,800000 29,800000 -20,200000
114 1686493282 -0,133333 9,000000 28,600000 28,600000 -20,200000
114 1686493283 -0,133333 9,000000 27,400000 27,400000 -20,200000
114 1686493284 -0,133333 9,000000 26,200000 26,200000 -20,200000
114 1686493285 -0,133333 9,000000 25,000000 25,000000 -20,200000
114 1686493286 -0,081633 9,800000 24,200000 24,200000 -20,200000
114 1686493287 -0,081633 9,800000 23,400000 23,400000 -20,200000
114 1686493288 -0,081633 9,800000 22,600000 22,600000 -20,200000
114 1686493289 -0,081633 9,800000 21,800000 21,800000 -20,200000
114 1686493290 -0,081633 9,800000 21,000000 21,000000 -20,200000
114 1686493291 0,078431 10,200000 21,800000 21,800000 -20,200000
114 1686493292 0,078431 10,200000 22,600000 22,600000 -20,200000
114 1686493293 0,078431 10,200000 23,400000 23,400000 -20,200000
114 1686493294 0,078431 10,200000 24,200000 24,200000 -20,200000
114 1686493295 0,078431 10,200000 25,000000 25,000000 -20,200000
114 1686493296 -0,018182 11,000000 24,800000 24,800000 -20,200000
114 1686493297 -0,018182 11,000000 24,600000 24,600000 -20,200000
114 1686493298 -0,018182 11,000000 24,400000 24,400000 -20,200000
114 1686493299 -0,018182 11,000000 24,200000 24,200000 -20,200000
114 1686493300 -0,018182 11,000000 24,000000 24,000000 -20,200000
114 1686493301 -0,052632 11,400000 23,400000 23,400000 -20,200000
114 1686493302 -0,052632 11,400000 22,800000 22,800000 -20,200000
114 1686493303 -0,052632 11,400000 22,200000 22,200000 -20,200000
114 1686493304 -0,052632 11,400000 21,600000 21,600000 -20,200000
114 1686493305 -0,052632 11,400000 21,000000 21,000000 -20,200000
114 1686493306 0,016393 12,200000 21,200000 21,200000 -20,200000
114 1686493307 0,016393 12,200000 21,400000 21,400000 -20,200000
114 1686493308 0,016393 12,200000 21,600000 21,600000 -20,200000
114 1686493309 0,016393 12,200000 21,800000 21,800000 -20,200000
114 1686493310 0,016393 12,200000 22,000000 22,000000 -20,200000
114 1686493311 0,061538 13,000000 22,800000 22,800000 -20,200000
114 1686493312 0,061538 13,000000 23,600000 23,600000 -20,200000
114 1686493313 0,061538 13,000000 24,400000 24,400000 -20,200000
114 1686493314 0,061538 13,000000 25,200000 25,200000 -20,200000
114 1686493315 0,061538 13,000000 26,000000 26,000000 -20,200000
114 1686493316 0,014925 13,400000 26,200000 26,200000 -20,200000
114 1686493317 0,014925 13,400000 26,400000 26,400000 -20,200000
114 1686493318 0,014925 13,400000 26,600000 26,600000 -20,200000
114 1686493319 0,014925 13,400000 26,800000 26,800000 -20,200000
114 1686493320 0,014925 13,400000 27,000000 27,000000 -20,200000
114 1686493321 -0,057143 14,000000 26,200000 26,200000 -20,200000
114 1686493322 -0,057143 14,000000 25,400000 25,400000 -20,200000
114 1686493323 -0,057143 14,000000 24,600000 24,600000 -20,200000
114 1686493324 -0,057143 14,000000 23,800000 23,800000 -20,200000
114 1686493325 -0,057143 14,000000 23,000000 23,000000 -20,200000
114 1686493326 -0,027778 14,400000 22,600000 22,600000 -20,200000
114 1686493327 -0,027778 14,400000 22,200000 22,200000 -20,200000
114 1686493328 -0,027778 14,400000 21,800000 21,800000 -20,200000
114 1686493329 -0,027778 14,400000 21,400000 21,400000 -20,200000
114 1686493330 -0,027778 14,400000 21,000000 21,000000 -20,200000
114 1686493331 0,054054 14,800000 21,800000 21,800000 -20,200000
114 1686493332 0,054054 14,800000 22,600000 22,600000 -20,200000
114 1686493333 0,054054 14,800000 23,400000 23,400000 -20,200000
114 1686493334 0,054054 14,800000 24,200000 24,200000 -20,200000
114 1686493335 0,054054 14,800000 25,000000 25,000000 -20,200000
114 1686493336 0,012658 15,800000 25,200000 25,200000 -20,200000
114 1686493337 0,012658 15,800000 25,400000 25,400000 -20,200000
114 1686493338 0,012658 15,800000 25,600000 25,600000 -20,200000
114 1686493339 0,012658 15,800000 25,800000 25,800000 -20,200000
114 1686493340 0,012658 15,800000 26,000000 26,000000 -20,200000
114 1686493341 -0,072289 16,600000 24,800000 24,800000 -20,200000
114 1686493342 -0,072289 16,600000 23,600000 23,600000 -20,200000
114 1686493343 -0,072289 16,600000 22,400000 22,400000 -20,200000
114 1686493344 -0,072289 16,600000 21,200000 21,200000 -20,200000
114 1686493345 -0,072289 16,600000 20,000000 20,000000 -20,200000
114 1686493346 0,011765 17,000000 20,200000 20,200000 -20,200000
114 1686493347 0,011765 17,000000 20,400000 20,400000 -20,200000
114 1686493348 0,011765 17,000000 20,600000 20,600000 -20,200000
114 1686493349 0,011765 17,000000 20,800000 20,800000 -20,200000
114 1686493350 0,011765 17,000000 21,000000 21,000000 -20,200000
114 1686493351 0,034091 17,600000 21,600000 21,600000 -20,200000
114 1686493352 0,034091 17,600000 22,200000 22,200000 -20,200000
114 1686493353 0,034091 17,600000 22,800000 22,800000 -20,200000
114 1686493354 0,034091 17,600000 23,400000 23,400000 -20,200000
114 1686493355 0,034091 17,600000 24,000000 24,000000 -20,200000
114 1686493356 0,065934 18,200000 25,200000 25,200000 -20,200000
114 1686493357 0,065934 18,200000 26,400000 26,400000 -20,200000
114 1686493358 0,065934 18,200000 27,600000 27,600000 -20,200000
114 1686493359 0,065934 18,200000 28,800000 28,800000 -20,200000
114 1686493360 0,065934 18,200000 30,000000 30,000000 -20,200000
114 1686493361 0,021277 18,800000 30,400000 30,400000 -20,200000
114 1686493362 0,021277 18,800000 30,800000 30,800000 -20,200000
114 1686493363 0,021277 18,800000 31,200000 31,200000 -20,200000
114 1686493364 0,021277 18,800000 31,600000 31,600000 -20,200000
114 1686493365 0,021277 18,800000 32,000000 32,000000 -20,200000
114 1686493366 -0,040404 19,800000 31,200000 31,200000 -20,200000
114 1686493367 -0,040404 19,800000 30,400000 30,400000 -20,200000
114 1686493368 -0,040404 19,800000 29,600000 29,600000 -20,200000
114 1686493369 -0,040404 19,800000 28,800000 28,800000 -20,200000
114 1686493370 -0,040404 19,800000 28,000000 28,000000 -20,200000
114 1686493371 -0,028571 21,000000 27,400000 27,400000 -20,200000
114 1686493372 -0,028571 21,000000 26,800000 26,800000 -20,200000
114 1686493373 -0,028571 21,000000 26,200000 26,200000 -20,200000
114 1686493374 -0,028571 21,000000 25,600000 25,600000 -20,200000
114 1686493375 -0,028571 21,000000 25,000000 25,000000 -20,200000
114 1686493376 -0,018349 21,800000 24,600000 24,600000 -20,200000
114 1686493377 -0,018349 21,800000 24,200000 24,200000 -20,200000
114 1686493378 -0,018349 21,800000 23,800000 23,800000 -20,200000
114 1686493379 -0,018349 21,800000 23,400000 23,400000 -20,200000
114 1686493380 -0,018349 21,800000 23,000000 23,000000 -20,200000
114 1686493381 -0,017857 22,400000 22,600000 22,600000 -20,200000
114 1686493382 -0,017857 22,400000 22,200000 22,200000 -20,200000
114 1686493383 -0,017857 22,400000 21,800000 21,800000 -20,200000
114 1686493384 -0,017857 22,400000 21,400000 21,400000 -20,200000
114 1686493385 -0,017857 22,400000 21,000000 21,000000 -20,200000
114 1686493386 0,000000 22,400000 21,000000 21,000000 -20,200000
114 1686493387 0,000000 22,400000 21,000000 21,000000 -20,200000
114 1686493388 0,000000 22,400000 21,000000 21,000000 -20,200000
114 1686493389 0,000000 22,400000 21,000000 21,000000 -20,200000
114 1686493390 0,000000 22,400000 21,000000 21,000000 -20,200000
114 1686493391 0,026087 23,000000 21,600000 21,600000 -20,200000
114 1686493392 0,026087 23,000000 22,200000 22,200000 -20,200000
114 1686493393 0,026087 23,000000 22,800000 22,800000 -20,200000
114 1686493394 0,026087 23,000000 23,400000 23,400000 -20,200000
114 1686493395 0,026087 23,000000 24,000000 24,000000 -20,200000
114 1686493396 0,017241 23,200000 24,400000 24,400000 -20,200000
114 1686493397 0,017241 23,200000 24,800000 24,800000 -20,200000
114 1686493398 0,017241 23,200000 25,200000 25,200000 -20,200000
114 1686493399 0,017241 23,200000 25,600000 25,600000 -20,200000
114 1686493400 0,017241 23,200000 26,000000 26,000000 -20,200000
114 1686493401 0,016807 23,800000 26,400000 26,400000 -20,200000
114 1686493402 0,016807 23,800000 26,800000 26,800000 -20,200000
114 1686493403 0,016807 23,800000 27,200000 27,200000 -20,200000
114 1686493404 0,016807 23,800000 27,600000 27,600000 -20,200000
114 1686493405 0,016807 23,800000 28,000000 28,000000 -20,200000
114 1686493406 -0,008130 24,600000 27,800000 27,800000 -20,200000
114 1686493407 -0,008130 24,600000 27,600000 27,600000 -20,200000
114 1686493408 -0,008130 24,600000 27,400000 27,400000 -20,200000
114 1686493409 -0,008130 24,600000 27,200000 27,200000 -20,200000
114 1686493410 -0,008130 24,600000 27,000000 27,000000 -20,200000
114 1686493411 -0,015873 25,200000 26,600000 26,600000 -20,200000
114 1686493412 -0,015873 25,200000 26,200000 26,200000 -20,200000
114 1686493413 -0,015873 25,200000 25,800000 25,800000 -20,200000
114 1686493414 -0,015873 25,200000 25,400000 25,400000 -20,200000
114 1686493415 -0,015873 25,200000 25,000000 25,000000 -20,200000
114 1686493416 -0,007519 26,600000 24,800000 24,800000 -20,200000
114 1686493417 -0,007519 26,600000 24,600000 24,600000 -20,200000
114 1686493418 -0,007519 26,600000 24,400000 24,400000 -20,200000
114 1686493419 -0,007519 26,600000 24,200000 24,200000 -20,200000
114 1686493420 -0,007519 26,600000 24,000000 24,000000 -20,200000
114 1686493421 -0,022388 26,800000 23,400000 23,400000 -20,200000
114 1686493422 -0,022388 26,800000 22,800000 22,800000 -20,200000
114 1686493423 -0,022388 26,800000 22,200000 22,200000 -20,200000
114 1686493424 -0,022388 26,800000 21,600000 21,600000 -20,200000
114 1686493425 -0,022388 26,800000 21,000000 21,000000 -20,200000
114 1686493426 0,007407 27,000000 21,200000 21,200000 -20,200000
114 1686493427 0,007407 27,000000 21,400000 21,400000 -20,200000
114 1686493428 0,007407 27,000000 21,600000 21,600000 -20,200000
114 1686493429 0,007407 27,000000 21,800000 21,800000 -20,200000
114 1686493430 0,007407 27,000000 22,000000 22,000000 -20,200000
114 1686493431 0,035971 27,800000 23,000000 23,000000 -20,200000
114 1686493432 0,035971 27,800000 24,000000 24,000000 -20,200000
114 1686493433 0,035971 27,800000 25,000000 25,000000 -20,200000
114 1686493434 0,035971 27,800000 26,000000 26,000000 -20,200000
114 1686493435 0,035971 27,800000 27,000000 27,000000 -20,200000
114 1686493436 0,014085 28,400000 27,400000 27,400000 -20,200000
114 1686493437 0,014085 28,400000 27,800000 27,800000 -20,200000
114 1686493438 0,014085 28,400000 28,200000 28,200000 -20,200000
114 1686493439 0,014085 28,400000 28,600000 28,600000 -20,200000
114 1686493440 0,014085 28,400000 29,000000 29,000000 -20,200000
114 1686493441 -0,020408 29,400000 28,400000 28,400000 -20,200000
114 1686493442 -0,020408 29,400000 27,800000 27,800000 -20,200000
114 1686493443 -0,020408 29,400000 27,200000 27,200000 -20,200000
114 1686493444 -0,020408 29,400000 26,600000 26,600000 -20,200000
114 1686493445 -0,020408 29,400000 26,000000 26,000000 -20,200000
114 1686493446 0,000000 30,400000 26,000000 26,000000 -20,200000
114 1686493447 0,000000 30,400000 26,000000 26,000000 -20,200000
114 1686493448 0,000000 30,400000 26,000000 26,000000 -20,200000
114 1686493449 0,000000 30,400000 26,000000 26,000000 -20,200000
114 1686493450 0,000000 30,400000 26,000000 26,000000 -20,200000
114 1686493451 0,031646 31,600000 27,000000 27,000000 -20,200000
114 1686493452 0,031646 31,600000 28,000000 28,000000 -20,200000
114 1686493453 0,031646 31,600000 29,000000 29,000000 -20,200000
114 1686493454 0,031646 31,600000 30,000000 30,000000 -20,200000
114 1686493455 0,031646 31,600000 31,000000 31,000000 -20,200000
114 1686493456 0,000000 33,000000 31,000000 31,000000 -20,200000
114 1686493457 0,000000 33,000000 31,000000 31,000000 -20,200000
114 1686493458 0,000000 33,000000 31,000000 31,000000 -20,200000
114 1686493459 0,000000 33,000000 31,000000 31,000000 -20,200000
114 1686493460 0,000000 33,000000 31,000000 31,000000 -20,200000
114 1686493461 -0,052632 34,200000 29,200000 29,200000 -20,200000
114 1686493462 -0,052632 34,200000 27,400000 27,400000 -20,200000
114 1686493463 -0,052632 34,200000 25,600000 25,600000 -20,200000
114 1686493464 -0,052632 34,200000 23,800000 23,800000 -20,200000
114 1686493465 -0,052632 34,200000 22,000000 22,000000 -20,200000
114 1686493466 0,011628 34,400000 22,400000 22,400000 -20,200000
114 1686493467 0,011628 34,400000 22,800000 22,800000 -20,200000
114 1686493468 0,011628 34,400000 23,200000 23,200000 -20,200000
114 1686493469 0,011628 34,400000 23,600000 23,600000 -20,200000
114 1686493470 0,011628 34,400000 24,000000 24,000000 -20,200000
114 1686493471 0,011236 35,600000 24,400000 24,400000 -20,200000
114 1686493472 0,011236 35,600000 24,800000 24,800000 -20,200000
114 1686493473 0,011236 35,600000 25,200000 25,200000 -20,200000
114 1686493474 0,011236 35,600000 25,600000 25,600000 -20,200000
114 1686493475 0,011236 35,600000 26,000000 26,000000 -20,200000
114 1686493476 0,005556 36,000000 26,200000 26,200000 -20,200000
114 1686493477 0,005556 36,000000 26,400000 26,400000 -20,200000
114 1686493478 0,005556 36,000000 26,600000 26,600000 -20,200000
114 1686493479 0,005556 36,000000 26,800000 26,800000 -20,200000
114 1686493480 0,005556 36,000000 27,000000 27,000000 -20,200000
114 1686493481 -0,021978 36,400000 26,200000 26,200000 -20,200000
114 1686493482 -0,021978 36,400000 25,400000 25,400000 -20,200000
114 1686493483 -0,021978 36,400000 24,600000 24,600000 -20,200000
114 1686493484 -0,021978 36,400000 23,800000 23,800000 -20,200000
114 1686493485 -0,021978 36,400000 23,000000 23,000000 -20,200000
114 1686493486 -0,010753 37,200000 22,600000 22,600000 -20,200000
114 1686493487 -0,010753 37,200000 22,200000 22,200000 -20,200000
114 1686493488 -0,010753 37,200000 21,800000 21,800000 -20,200000
114 1686493489 -0,010753 37,200000 21,400000 21,400000 -20,200000
114 1686493490 -0,010753 37,200000 21,000000 21,000000 -20,200000
114 1686493491 0,010695 37,400000 21,400000 21,400000 -20,200000
114 1686493492 0,010695 37,400000 21,800000 21,800000 -20,200000
114 1686493493 0,010695 37,400000 22,200000 22,200000 -20,200000
114 1686493494 0,010695 37,400000 22,600000 22,600000 -20,200000
114 1686493495 0,010695 37,400000 23,000000 23,000000 -20,200000
114 1686493496 0,010471 38,200000 23,400000 23,400000 -20,200000
114 1686493497 0,010471 38,200000 23,800000 23,800000 -20,200000
114 1686493498 0,010471 38,200000 24,200000 24,200000 -20,200000
114 1686493499 0,010471 38,200000 24,600000 24,600000 -20,200000
114 1686493500 0,010471 38,200000 25,000000 25,000000 -20,200000
114 1686493501 -0,005181 38,600000 24,800000 24,800000 -20,200000
114 1686493502 -0,005181 38,600000 24,600000 24,600000 -20,200000
114 1686493503 -0,005181 38,600000 24,400000 24,400000 -20,200000
114 1686493504 -0,005181 38,600000 24,200000 24,200000 -20,200000
114 1686493505 -0,005181 38,600000 24,000000 24,000000 -20,200000
114 1686493506 -0,010309 38,800000 23,600000 23,600000 -20,200000
114 1686493507 -0,010309 38,800000 23,200000 23,200000 -20,200000
114 1686493508 -0,010309 38,800000 22,800000 22,800000 -20,200000
114 1686493509 -0,010309 38,800000 22,400000 22,400000 -20,200000
114 1686493510 -0,010309 38,800000 22,000000 22,000000 -20,200000
114 1686493511 0,024876 40,200000 23,000000 23,000000 -20,200000
114 1686493512 0,024876 40,200000 24,000000 24,000000 -20,200000
114 1686493513 0,024876 40,200000 25,000000 25,000000 -20,200000
114 1686493514 0,024876 40,200000 26,000000 26,000000 -20,200000
114 1686493515 0,024876 40,200000 27,000000 27,000000 -20,200000
114 1686493516 0,014706 40,800000 27,600000 27,600000 -20,200000
114 1686493517 0,014706 40,800000 28,200000 28,200000 -20,200000
114 1686493518 0,014706 40,800000 28,800000 28,800000 -20,200000
114 1686493519 0,014706 40,800000 29,400000 29,400000 -20,200000
114 1686493520 0,014706 40,800000 30,000000 30,000000 -20,200000
114 1686493521 -0,028986 41,400000 28,800000 28,800000 -20,200000
114 1686493522 -0,028986 41,400000 27,600000 27,600000 -20,200000
114 1686493523 -0,028986 41,400000 26,400000 26,400000 -20,200000
114 1686493524 -0,028986 41,400000 25,200000 25,200000 -20,200000
114 1686493525 -0,028986 41,400000 24,000000 24,000000 -20,200000
114 1686493526 -0,014085 42,600000 23,400000 23,400000 -20,200000
114 1686493527 -0,014085 42,600000 22,800000 22,800000 -20,200000
114 1686493528 -0,014085 42,600000 22,200000 22,200000 -20,200000
114 1686493529 -0,014085 42,600000 21,600000 21,600000 -20,200000
114 1686493530 -0,014085 42,600000 21,000000 21,000000 -20,200000
114 1686493531 0,018605 43,000000 21,800000 21,800000 -20,200000
114 1686493532 0,018605 43,000000 22,600000 22,600000 -20,200000
114 1686493533 0,018605 43,000000 23,400000 23,400000 -20,200000
114 1686493534 0,018605 43,000000 24,200000 24,200000 -20,200000
114 1686493535 0,018605 43,000000 25,000000 25,000000 -20,200000
114 1686493536 0,009132 43,800000 25,400000 25,400000 -20,200000
114 1686493537 0,009132 43,800000 25,800000 25,800000 -20,200000
114 1686493538 0,009132 43,800000 26,200000 26,200000 -20,200000
114 1686493539 0,009132 43,800000 26,600000 26,600000 -20,200000
114 1686493540 0,009132 43,800000 27,000000 27,000000 -20,200000
114 1686493541 -0,013514 44,400000 26,400000 26,400000 -20,200000
114 1686493542 -0,013514 44,400000 25,800000 25,800000 -20,200000
114 1686493543 -0,013514 44,400000 25,200000 25,200000 -20,200000
114 1686493544 -0,013514 44,400000 24,600000 24,600000 -20,200000
114 1686493545 -0,013514 44,400000 24,000000 24,000000 -20,200000
114 1686493546 0,008850 45,200000 24,400000 24,400000 -20,200000
114 1686493547 0,008850 45,200000 24,800000 24,800000 -20,200000
114 1686493548 0,008850 45,200000 25,200000 25,200000 -20,200000
114 1686493549 0,008850 45,200000 25,600000 25,600000 -20,200000
114 1686493550 0,008850 45,200000 26,000000 26,000000 -20,200000
114 1686493551 0,000000 46,200000 26,000000 26,000000 -20,200000
114 1686493552 0,000000 46,200000 26,000000 26,000000 -20,200000
114 1686493553 0,000000 46,200000 26,000000 26,000000 -20,200000
114 1686493554 0,000000 46,200000 26,000000 26,000000 -20,200000
114 1686493555 0,000000 46,200000 26,000000 26,000000 -20,200000
114 1686493556 0,000000 47,200000 26,000000 26,000000 -20,200000
114 1686493557 0,000000 47,200000 26,000000 26,000000 -20,200000
114 1686493558 0,000000 47,200000 26,000000 26,000000 -20,200000
114 1686493559 0,000000 47,200000 26,000000 26,000000 -20,200000
114 1686493560 0,000000 47,200000 26,000000 26,000000 -20,200000
114 1686493561 0,004167 48,000000 26,200000 26,200000 -20,200000
114 1686493562 0,004167 48,000000 26,400000 26,400000 -20,200000
114 1686493563 0,004167 48,000000 26,600000 26,600000 -20,200000
114 1686493564 0,004167 48,000000 26,800000 26,800000 -20,200000
114 1686493565 0,004167 48,000000 27,000000 27,000000 -20,200000
114 1686493566 -0,016461 48,600000 26,200000 26,200000 -20,200000
114 1686493567 -0,016461 48,600000 25,400000 25,400000 -20,200000
114 1686493568 -0,016461 48,600000 24,600000 24,600000 -20,200000
114 1686493569 -0,016461 48,600000 23,800000 23,800000 -20,200000
114 1686493570 -0,016461 48,600000 23,000000 23,000000 -20,200000
114 1686493571 0,008097 49,400000 23,400000 23,400000 -20,200000
114 1686493572 0,008097 49,400000 23,800000 23,800000 -20,200000
114 1686493573 0,008097 49,400000 24,200000 24,200000 -20,200000
114 1686493574 0,008097 49,400000 24,600000 24,600000 -20,200000
114 1686493575 0,008097 49,400000 25,000000 25,000000 -20,200000
114 1686493576 0,003984 50,200000 25,200000 25,200000 -20,200000
114 1686493577 0,003984 50,200000 25,400000 25,400000 -20,200000
114 1686493578 0,003984 50,200000 25,600000 25,600000 -20,200000
114 1686493579 0,003984 50,200000 25,800000 25,800000 -20,200000
114 1686493580 0,003984 50,200000 26,000000 26,000000 -20,200000
114 1686493581 -0,007874 50,800000 25,600000 25,600000 -20,200000
114 1686493582 -0,007874 50,800000 25,200000 25,200000 -20,200000
114 1686493583 -0,007874 50,800000 24,800000 24,800000 -20,200000
114 1686493584 -0,007874 50,800000 24,400000 24,400000 -20,200000
114 1686493585 -0,007874 50,800000 24,000000 24,000000 -20,200000
114 1686493586 -0,011673 51,400000 23,400000 23,400000 -20,200000
114 1686493587 -0,011673 51,400000 22,800000 22,800000 -20,200000
114 1686493588 -0,011673 51,400000 22,200000 22,200000 -20,200000
114 1686493589 -0,011673 51,400000 21,600000 21,600000 -20,200000
114 1686493590 -0,011673 51,400000 21,000000 21,000000 -20,200000
114 1686493591 0,011450 52,400000 21,600000 21,600000 -20,200000
114 1686493592 0,011450 52,400000 22,200000 22,200000 -20,200000
114 1686493593 0,011450 52,400000 22,800000 22,800000 -20,200000
114 1686493594 0,011450 52,400000 23,400000 23,400000 -20,200000
114 1686493595 0,011450 52,400000 24,000000 24,000000 -20,200000
114 1686493596 0,015038 53,200000 24,800000 24,800000 -20,200000
114 1686493597 0,015038 53,200000 25,600000 25,600000 -20,200000
114 1686493598 0,015038 53,200000 26,400000 26,400000 -20,200000
114 1686493599 0,015038 53,200000 27,200000 27,200000 -20,200000
114 1686493600 0,015038 53,200000 28,000000 28,000000 -20,200000
114 1686493601 -0,003717 53,800000 27,800000 27,800000 -20,200000
114 1686493602 -0,003717 53,800000 27,600000 27,600000 -20,200000
114 1686493603 -0,003717 53,800000 27,400000 27,400000 -20,200000
114 1686493604 -0,003717 53,800000 27,200000 27,200000 -20,200000
114 1686493605 -0,003717 53,800000 27,000000 27,000000 -20,200000
114 1686493606 -0,007299 54,800000 26,600000 26,600000 -20,200000
114 1686493607 -0,007299 54,800000 26,200000 26,200000 -20,200000
114 1686493608 -0,007299 54,800000 25,800000 25,800000 -20,200000
114 1686493609 -0,007299 54,800000 25,400000 25,400000 -20,200000
114 1686493610 -0,007299 54,800000 25,000000 25,000000 -20,200000
114 1686493611 0,000000 55,200000 25,000000 25,000000 -20,200000
114 1686493612 0,000000 55,200000 25,000000 25,000000 -20,200000
114 1686493613 0,000000 55,200000 25,000000 25,000000 -20,200000
114 1686493614 0,000000 55,200000 25,000000 25,000000 -20,200000
114 1686493615 0,000000 55,200000 25,000000 25,000000 -20,200000
114 1686493616 0,007067 56,600000 25,400000 25,400000 -20,200000
114 1686493617 0,007067 56,600000 25,800000 25,800000 -20,200000
114 1686493618 0,007067 56,600000 26,200000 26,200000 -20,200000
114 1686493619 0,007067 56,600000 26,600000 26,600000 -20,200000
114 1686493620 0,007067 56,600000 27,000000 27,000000 -20,200000
114 1686493621 -0,006993 57,200000 26,600000 26,600000 -20,200000
114 1686493622 -0,006993 57,200000 26,200000 26,200000 -20,200000
114 1686493623 -0,006993 57,200000 25,800000 25,800000 -20,200000
114 1686493624 -0,006993 57,200000 25,400000 25,400000 -20,200000
114 1686493625 -0,006993 57,200000 25,000000 25,000000 -20,200000
114 1686493626 -0,013889 57,600000 24,200000 24,200000 -20,200000
114 1686493627 -0,013889 57,600000 23,400000 23,400000 -20,200000
114 1686493628 -0,013889 57,600000 22,600000 22,600000 -20,200000
114 1686493629 -0,013889 57,600000 21,800000 21,800000 -20,200000
114 1686493630 -0,013889 57,600000 21,000000 21,000000 -20,200000
114 1686493631 0,006780 59,000000 21,400000 21,400000 -20,200000
114 1686493632 0,006780 59,000000 21,800000 21,800000 -20,200000
114 1686493633 0,006780 59,000000 22,200000 22,200000 -20,200000
114 1686493634 0,006780 59,000000 22,600000 22,600000 -20,200000
114 1686493635 0,006780 59,000000 23,000000 23,000000 -20,200000
114 1686493636 0,013468 59,400000 23,800000 23,800000 -20,200000
114 1686493637 0,013468 59,400000 24,600000 24,600000 -20,200000
114 1686493638 0,013468 59,400000 25,400000 25,400000 -20,200000
114 1686493639 0,013468 59,400000 26,200000 26,200000 -20,200000
114 1686493640 0,013468 59,400000 27,000000 27,000000 -20,200000
114 1686493641 0,000000 59,800000 27,000000 27,000000 -20,200000
114 1686493642 0,000000 59,800000 27,000000 27,000000 -20,200000
114 1686493643 0,000000 59,800000 27,000000 27,000000 -20,200000
114 1686493644 0,000000 59,800000 27,000000 27,000000 -20,200000
114 1686493645 0,000000 59,800000 27,000000 27,000000 -20,200000
114 1686493646 -0,006601 60,600000 26,600000 26,600000 -20,200000
114 1686493647 -0,006601 60,600000 26,200000 26,200000 -20,200000
114 1686493648 -0,006601 60,600000 25,800000 25,800000 -20,200000
114 1686493649 -0,006601 60,600000 25,400000 25,400000 -20,200000
114 1686493650 -0,006601 60,600000 25,000000 25,000000 -20,200000
114 1686493651 0,009740 61,600000 25,600000 25,600000 -20,200000
114 1686493652 0,009740 61,600000 26,200000 26,200000 -20,200000
114 1686493653 0,009740 61,600000 26,800000 26,800000 -20,200000
114 1686493654 0,009740 61,600000 27,400000 27,400000 -20,200000
114 1686493655 0,009740 61,600000 28,000000 28,000000 -20,200000
114 1686493656 -0,012739 62,800000 27,200000 27,200000 -20,200000
114 1686493657 -0,012739 62,800000 26,400000 26,400000 -20,200000
114 1686493658 -0,012739 62,800000 25,600000 25,600000 -20,200000
114 1686493659 -0,012739 62,800000 24,800000 24,800000 -20,200000
114 1686493660 -0,012739 62,800000 24,000000 24,000000 -20,200000
114 1686493661 -0,009464 63,400000 23,400000 23,400000 -20,200000
114 1686493662 -0,009464 63,400000 22,800000 22,800000 -20,200000
114 1686493663 -0,009464 63,400000 22,200000 22,200000 -20,200000
114 1686493664 -0,009464 63,400000 21,600000 21,600000 -20,200000
114 1686493665 -0,009464 63,400000 21,000000 21,000000 -20,200000
114 1686493666 0,009375 64,000000 21,600000 21,600000 -20,200000
114 1686493667 0,009375 64,000000 22,200000 22,200000 -20,200000
114 1686493668 0,009375 64,000000 22,800000 22,800000 -20,200000
114 1686493669 0,009375 64,000000 23,400000 23,400000 -20,200000
114 1686493670 0,009375 64,000000 24,000000 24,000000 -20,200000
114 1686493671 -0,003077 65,000000 23,800000 23,800000 -20,200000
114 1686493672 -0,003077 65,000000 23,600000 23,600000 -20,200000
114 1686493673 -0,003077 65,000000 23,400000 23,400000 -20,200000
114 1686493674 -0,003077 65,000000 23,200000 23,200000 -20,200000
114 1686493675 -0,003077 65,000000 23,000000 23,000000 -20,200000
114 1686493676 0,003067 65,200000 23,200000 23,200000 -20,200000
114 1686493677 0,003067 65,200000 23,400000 23,400000 -20,200000
114 1686493678 0,003067 65,200000 23,600000 23,600000 -20,200000
114 1686493679 0,003067 65,200000 23,800000 23,800000 -20,200000
114 1686493680 0,003067 65,200000 24,000000 24,000000 -20,200000
114 1686493681 0,003049 65,600000 24,200000 24,200000 -20,200000
114 1686493682 0,003049 65,600000 24,400000 24,400000 -20,200000
114 1686493683 0,003049 65,600000 24,600000 24,600000 -20,200000
114 1686493684 0,003049 65,600000 24,800000 24,800000 -20,200000
114 1686493685 0,003049 65,600000 25,000000 25,000000 -20,200000
114 1686493686 0,006024 66,400000 25,400000 25,400000 -20,200000
114 1686493687 0,006024 66,400000 25,800000 25,800000 -20,200000
114 1686493688 0,006024 66,400000 26,200000 26,200000 -20,200000
114 1686493689 0,006024 66,400000 26,600000 26,600000 -20,200000
114 1686493690 0,006024 66,400000 27,000000 27,000000 -20,200000
114 1686493691 0,011905 67,200000 27,800000 27,800000 -20,200000
114 1686493692 0,011905 67,200000 28,600000 28,600000 -20,200000
114 1686493693 0,011905 67,200000 29,400000 29,400000 -20,200000
114 1686493694 0,011905 67,200000 30,200000 30,200000 -20,200000
114 1686493695 0,011905 67,200000 31,000000 31,000000 -20,200000
114 1686493696 -0,014577 68,600000 30,000000 30,000000 -20,200000
114 1686493697 -0,014577 68,600000 29,000000 29,000000 -20,200000
114 1686493698 -0,014577 68,600000 28,000000 28,000000 -20,200000
114 1686493699 -0,014577 68,600000 27,000000 27,000000 -20,200000
114 1686493700 -0,014577 68,600000 26,000000 26,000000 -20,200000
114 1686493701 -0,020173 69,400000 24,600000 24,600000 -20,200000
114 1686493702 -0,020173 69,400000 23,200000 23,200000 -20,200000
114 1686493703 -0,020173 69,400000 21,800000 21,800000 -20,200000
114 1686493704 -0,020173 69,400000 20,400000 20,400000 -20,200000
114 1686493705 -0,020173 69,400000 19,000000 19,000000 -20,200000
114 1686493706 0,008571 70,000000 19,600000 19,600000 -20,200000
114 1686493707 0,008571 70,000000 20,200000 20,200000 -20,200000
114 1686493708 0,008571 70,000000 20,800000 20,800000 -20,200000
114 1686493709 0,008571 70,000000 21,400000 21,400000 -20,200000
114 1686493710 0,008571 70,000000 22,000000 22,000000 -20,200000
114 1686493711 0,014124 70,800000 23,000000 23,000000 -20,200000
114 1686493712 0,014124 70,800000 24,000000 24,000000 -20,200000
114 1686493713 0,014124 70,800000 25,000000 25,000000 -20,200000
114 1686493714 0,014124 70,800000 26,000000 26,000000 -20,200000
114 1686493715 0,014124 70,800000 27,000000 27,000000 -20,200000
114 1686493716 0,000000 71,200000 27,000000 27,000000 -20,200000
114 1686493717 0,000000 71,200000 27,000000 27,000000 -20,200000
114 1686493718 0,000000 71,200000 27,000000 27,000000 -20,200000
114 1686493719 0,000000 71,200000 27,000000 27,000000 -20,200000
114 1686493720 0,000000 71,200000 27,000000 27,000000 -20,200000
114 1686493721 -0,011142 71,800000 26,200000 26,200000 -20,200000
114 1686493722 -0,011142 71,800000 25,400000 25,400000 -20,200000
114 1686493723 -0,011142 71,800000 24,600000 24,600000 -20,200000
114 1686493724 -0,011142 71,800000 23,800000 23,800000 -20,200000
114 1686493725 -0,011142 71,800000 23,000000 23,000000 -20,200000
114 1686493726 0,000000 72,400000 23,000000 23,000000 -20,200000
114 1686493727 0,000000 72,400000 23,000000 23,000000 -20,200000
114 1686493728 0,000000 72,400000 23,000000 23,000000 -20,200000
114 1686493729 0,000000 72,400000 23,000000 23,000000 -20,200000
114 1686493730 0,000000 72,400000 23,000000 23,000000 -20,200000
114 1686493731 0,008219 73,000000 23,600000 23,600000 -20,200000
114 1686493732 0,008219 73,000000 24,200000 24,200000 -20,200000
114 1686493733 0,008219 73,000000 24,800000 24,800000 -20,200000
114 1686493734 0,008219 73,000000 25,400000 25,400000 -20,200000
114 1686493735 0,008219 73,000000 26,000000 26,000000 -20,200000
114 1686493736 0,000000 74,000000 26,000000 26,000000 -20,200000
114 1686493737 0,000000 74,000000 26,000000 26,000000 -20,200000
114 1686493738 0,000000 74,000000 26,000000 26,000000 -20,200000
114 1686493739 0,000000 74,000000 26,000000 26,000000 -20,200000
114 1686493740 0,000000 74,000000 26,000000 26,000000 -20,200000
114 1686493741 -0,008021 74,800000 25,400000 25,400000 -20,200000
114 1686493742 -0,008021 74,800000 24,800000 24,800000 -20,200000
114 1686493743 -0,008021 74,800000 24,200000 24,200000 -20,200000
114 1686493744 -0,008021 74,800000 23,600000 23,600000 -20,200000
114 1686493745 -0,008021 74,800000 23,000000 23,000000 -20,200000
114 1686493746 -0,007979 75,200000 22,400000 22,400000 -20,200000
114 1686493747 -0,007979 75,200000 21,800000 21,800000 -20,200000
114 1686493748 -0,007979 75,200000 21,200000 21,200000 -20,200000
114 1686493749 -0,007979 75,200000 20,600000 20,600000 -20,200000
114 1686493750 -0,007979 75,200000 20,000000 20,000000 -20,200000
114 1686493751 0,007916 75,800000 20,600000 20,600000 -20,200000
114 1686493752 0,007916 75,800000 21,200000 21,200000 -20,200000
114 1686493753 0,007916 75,800000 21,800000 21,800000 -20,200000
114 1686493754 0,007916 75,800000 22,400000 22,400000 -20,200000
114 1686493755 0,007916 75,800000 23,000000 23,000000 -20,200000
114 1686493756 0,005263 76,000000 23,400000 23,400000 -20,200000
114 1686493757 0,005263 76,000000 23,800000 23,800000 -20,200000
114 1686493758 0,005263 76,000000 24,200000 24,200000 -20,200000
114 1686493759 0,005263 76,000000 24,600000 24,600000 -20,200000
114 1686493760 0,005263 76,000000 25,000000 25,000000 -20,200000
114 1686493761 0,000000 76,400000 25,000000 25,000000 -20,200000
114 1686493762 0,000000 76,400000 25,000000 25,000000 -20,200000
114 1686493763 0,000000 76,400000 25,000000 25,000000 -20,200000
114 1686493764 0,000000 76,400000 25,000000 25,000000 -20,200000
114 1686493765 0,000000 76,400000 25,000000 25,000000 -20,200000
114 1686493766 -0,007792 77,000000 24,400000 24,400000 -20,200000
114 1686493767 -0,007792 77,000000 23,800000 23,800000 -20,200000
114 1686493768 -0,007792 77,000000 23,200000 23,200000 -20,200000
114 1686493769 -0,007792 77,000000 22,600000 22,600000 -20,200000
114 1686493770 -0,007792 77,000000 22,000000 22,000000 -20,200000
114 1686493771 0,000000 77,400000 22,000000 22,000000 -20,200000
114 1686493772 0,000000 77,400000 22,000000 22,000000 -20,200000
114 1686493773 0,000000 77,400000 22,000000 22,000000 -20,200000
114 1686493774 0,000000 77,400000 22,000000 22,000000 -20,200000
114 1686493836 0,000000 1,000000 30,000000 30,000000 10201,000000
114 1686493835 7,000000 0,200000 30,000000 30,000000 2040,592000
114 1686493834 7,000000 0,200000 28,600000 28,600000 2040,592000
114 1686493833 7,000000 0,200000 27,200000 27,200000 2040,592000
114 1686493832 7,000000 0,200000 25,800000 25,800000 2040,592000
114 1686493831 7,000000 0,200000 24,400000 24,400000 2040,592000
114 1686493830 2,000000 0,200000 23,000000 23,000000 2040,232000
114 1686493829 2,000000 0,200000 22,600000 22,600000 2040,232000
114 1686493828 2,000000 0,200000 22,200000 22,200000 2040,232000
114 1686493827 2,000000 0,200000 21,800000 21,800000 2040,232000
114 1686493826 2,000000 0,200000 21,400000 21,400000 2040,232000
114 1686493825 -3,000000 0,200000 21,000000 21,000000 2040,272000
114 1686493824 -3,000000 0,200000 21,600000 21,600000 2040,272000
114 1686493823 -3,000000 0,200000 22,200000 22,200000 2040,272000
114 1686493822 -3,000000 0,200000 22,800000 22,800000 2040,272000
114 1686493821 -3,000000 0,200000 23,400000 23,400000 2040,272000
114 1686493820 1,000000 0,200000 24,000000 24,000000 2040,208000
114 1686493819 1,000000 0,200000 23,800000 23,800000 2040,208000
114 1686493818 1,000000 0,200000 23,600000 23,600000 2040,208000
114 1686493817 1,000000 0,200000 23,400000 23,400000 2040,208000
114 1686493816 1,000000 0,200000 23,200000 23,200000 2040,208000
114 1686493815 1,000000 0,200000 23,000000 23,000000 2040,208000
114 1686493814 1,000000 0,200000 22,800000 22,800000 2040,208000
114 1686493813 1,000000 0,200000 22,600000 22,600000 2040,208000
114 1686493812 1,000000 0,200000 22,400000 22,400000 2040,208000
114 1686493811 1,000000 0,200000 22,200000 22,200000 2040,208000
114 1686493810 -6,000000 0,200000 22,000000 22,000000 2040,488000
114 1686493809 -6,000000 0,200000 23,200000 23,200000 2040,488000
114 1686493808 -6,000000 0,200000 24,400000 24,400000 2040,488000
114 1686493807 -6,000000 0,200000 25,600000 25,600000 2040,488000
114 1686493806 -6,000000 0,200000 26,800000 26,800000 2040,488000
114 1686493805 -1,000000 0,200000 28,000000 28,000000 2040,208000
114 1686493804 -1,000000 0,200000 28,200000 28,200000 2040,208000
114 1686493803 -1,000000 0,200000 28,400000 28,400000 2040,208000
114 1686493802 -1,000000 0,200000 28,600000 28,600000 2040,208000
114 1686493801 -1,000000 0,200000 28,800000 28,800000 2040,208000
114 1686493800 6,000000 0,200000 29,000000 29,000000 2040,488000
114 1686493799 6,000000 0,200000 27,800000 27,800000 2040,488000
114 1686493798 6,000000 0,200000 26,600000 26,600000 2040,488000
114 1686493797 6,000000 0,200000 25,400000 25,400000 2040,488000
114 1686493796 6,000000 0,200000 24,200000 24,200000 2040,488000
114 1686493795 -1,000000 0,200000 23,000000 23,000000 2040,208000
114 1686493794 -1,000000 0,200000 23,200000 23,200000 2040,208000
114 1686493793 -1,000000 0,200000 23,400000 23,400000 2040,208000
114 1686493792 -1,000000 0,200000 23,600000 23,600000 2040,208000
114 1686493791 -1,000000 0,200000 23,800000 23,800000 2040,208000
114 1686493790 -4,000000 0,200000 24,000000 24,000000 2040,328000
114 1686493789 -4,000000 0,200000 24,800000 24,800000 2040,328000
114 1686493788 -4,000000 0,200000 25,600000 25,600000 2040,328000
114 1686493787 -4,000000 0,200000 26,400000 26,400000 2040,328000
114 1686493786 -4,000000 0,200000 27,200000 27,200000 2040,328000
114 1686493785 1,000000 0,200000 28,000000 28,000000 2040,208000
114 1686493784 1,000000 0,200000 27,800000 27,800000 2040,208000
114 1686493783 1,000000 0,200000 27,600000 27,600000 2040,208000
114 1686493782 1,000000 0,200000 27,400000 27,400000 2040,208000
114 1686493781 1,000000 0,200000 27,200000 27,200000 2040,208000
114 1686493780 5,000000 0,200000 27,000000 27,000000 2040,400000
114 1686493779 5,000000 0,200000 26,000000 26,000000 2040,400000
114 1686493778 5,000000 0,200000 25,000000 25,000000 2040,400000
114 1686493777 5,000000 0,200000 24,000000 24,000000 2040,400000
114 1686493776 5,000000 0,200000 23,000000 23,000000 2040,400000
114 1686493775 0,000000 0,200000 22,000000 22,000000 2040,200000
114 1686493775 0,000000 77,400000 22,000000 22,000000 -20,200000
114 1686493776 0,012690 78,800000 23,000000 23,000000 -20,200000
114 1686493777 0,012690 78,800000 24,000000 24,000000 -20,200000
114 1686493778 0,012690 78,800000 25,000000 25,000000 -20,200000
114 1686493779 0,012690 78,800000 26,000000 26,000000 -20,200000
114 1686493780 0,012690 78,800000 27,000000 27,000000 -20,200000
114 1686493781 0,002519 79,400000 27,200000 27,200000 -20,200000
114 1686493782 0,002519 79,400000 27,400000 27,400000 -20,200000
114 1686493783 0,002519 79,400000 27,600000 27,600000 -20,200000
114 1686493784 0,002519 79,400000 27,800000 27,800000 -20,200000
114 1686493785 0,002519 79,400000 28,000000 28,000000 -20,200000
114 1686493786 -0,010025 79,800000 27,200000 27,200000 -20,200000
114 1686493787 -0,010025 79,800000 26,400000 26,400000 -20,200000
114 1686493788 -0,010025 79,800000 25,600000 25,600000 -20,200000
114 1686493789 -0,010025 79,800000 24,800000 24,800000 -20,200000
114 1686493790 -0,010025 79,800000 24,000000 24,000000 -20,200000
114 1686493791 -0,002463 81,200000 23,800000 23,800000 -20,200000
114 1686493792 -0,002463 81,200000 23,600000 23,600000 -20,200000
114 1686493793 -0,002463 81,200000 23,400000 23,400000 -20,200000
114 1686493794 -0,002463 81,200000 23,200000 23,200000 -20,200000
114 1686493795 -0,002463 81,200000 23,000000 23,000000 -20,200000
114 1686493796 0,014670 81,800000 24,200000 24,200000 -20,200000
114 1686493797 0,014670 81,800000 25,400000 25,400000 -20,200000
114 1686493798 0,014670 81,800000 26,600000 26,600000 -20,200000
114 1686493799 0,014670 81,800000 27,800000 27,800000 -20,200000
114 1686493800 0,014670 81,800000 29,000000 29,000000 -20,200000
114 1686493801 -0,002427 82,400000 28,800000 28,800000 -20,200000
114 1686493802 -0,002427 82,400000 28,600000 28,600000 -20,200000
114 1686493803 -0,002427 82,400000 28,400000 28,400000 -20,200000
114 1686493804 -0,002427 82,400000 28,200000 28,200000 -20,200000
114 1686493805 -0,002427 82,400000 28,000000 28,000000 -20,200000
114 1686493806 -0,014423 83,200000 26,800000 26,800000 -20,200000
114 1686493807 -0,014423 83,200000 25,600000 25,600000 -20,200000
114 1686493808 -0,014423 83,200000 24,400000 24,400000 -20,200000
114 1686493809 -0,014423 83,200000 23,200000 23,200000 -20,200000
114 1686493810 -0,014423 83,200000 22,000000 22,000000 -20,200000
114 1686493811 0,002375 84,200000 22,200000 22,200000 -20,200000
114 1686493812 0,002375 84,200000 22,400000 22,400000 -20,200000
114 1686493813 0,002375 84,200000 22,600000 22,600000 -20,200000
114 1686493814 0,002375 84,200000 22,800000 22,800000 -20,200000
114 1686493815 0,002375 84,200000 23,000000 23,000000 -20,200000
114 1686493816 0,002358 84,800000 23,200000 23,200000 -20,200000
114 1686493817 0,002358 84,800000 23,400000 23,400000 -20,200000
114 1686493818 0,002358 84,800000 23,600000 23,600000 -20,200000
114 1686493819 0,002358 84,800000 23,800000 23,800000 -20,200000
114 1686493820 0,002358 84,800000 24,000000 24,000000 -20,200000
114 1686493821 -0,007059 85,000000 23,400000 23,400000 -20,200000
114 1686493822 -0,007059 85,000000 22,800000 22,800000 -20,200000
114 1686493823 -0,007059 85,000000 22,200000 22,200000 -20,200000
114 1686493824 -0,007059 85,000000 21,600000 21,600000 -20,200000
114 1686493825 -0,007059 85,000000 21,000000 21,000000 -20,200000
114 1686493826 0,004695 85,200000 21,400000 21,400000 -20,200000
114 1686493827 0,004695 85,200000 21,800000 21,800000 -20,200000
114 1686493828 0,004695 85,200000 22,200000 22,200000 -20,200000
114 1686493829 0,004695 85,200000 22,600000 22,600000 -20,200000
114 1686493830 0,004695 85,200000 23,000000 23,000000 -20,200000
114 1686493831 0,016241 86,200000 24,400000 24,400000 -20,200000
114 1686493832 0,016241 86,200000 25,800000 25,800000 -20,200000
114 1686493833 0,016241 86,200000 27,200000 27,200000 -20,200000
114 1686493834 0,016241 86,200000 28,600000 28,600000 -20,200000
114 1686493835 0,016241 86,200000 30,000000 30,000000 -20,200000
114 1686493836 -0,002304 86,800000 29,800000 29,800000 -20,200000
114 1686493837 -0,002304 86,800000 29,600000 29,600000 -20,200000
114 1686493838 -0,002304 86,800000 29,400000 29,400000 -20,200000
114 1686493839 -0,002304 86,800000 29,200000 29,200000 -20,200000
114 1686493840 -0,002304 86,800000 29,000000 29,000000 -20,200000
114 1686493841 -0,013699 87,600000 27,800000 27,800000 -20,200000
114 1686493842 -0,013699 87,600000 26,600000 26,600000 -20,200000
114 1686493843 -0,013699 87,600000 25,400000 25,400000 -20,200000
114 1686493844 -0,013699 87,600000 24,200000 24,200000 -20,200000
114 1686493845 -0,013699 87,600000 23,000000 23,000000 -20,200000
114 1686493846 0,000000 88,600000 23,000000 23,000000 -20,200000
114 1686493847 0,000000 88,600000 23,000000 23,000000 -20,200000
114 1686493848 0,000000 88,600000 23,000000 23,000000 -20,200000
114 1686493849 0,000000 88,600000 23,000000 23,000000 -20,200000
114 1686493850 0,000000 88,600000 23,000000 23,000000 -20,200000
114 1686493851 0,008989 89,000000 23,800000 23,800000 -20,200000
114 1686493852 0,008989 89,000000 24,600000 24,600000 -20,200000
114 1686493853 0,008989 89,000000 25,400000 25,400000 -20,200000
114 1686493854 0,008989 89,000000 26,200000 26,200000 -20,200000
114 1686493855 0,008989 89,000000 27,000000 27,000000 -20,200000
114 1686493856 0,000000 90,400000 27,000000 27,000000 -20,200000
114 1686493857 0,000000 90,400000 27,000000 27,000000 -20,200000
114 1686493858 0,000000 90,400000 27,000000 27,000000 -20,200000
114 1686493859 0,000000 90,400000 27,000000 27,000000 -20,200000
114 1686493860 0,000000 90,400000 27,000000 27,000000 -20,200000
114 1686493861 0,002198 91,000000 27,200000 27,200000 -20,200000
114 1686493862 0,002198 91,000000 27,400000 27,400000 -20,200000
114 1686493863 0,002198 91,000000 27,600000 27,600000 -20,200000
114 1686493864 0,002198 91,000000 27,800000 27,800000 -20,200000
114 1686493865 0,002198 91,000000 28,000000 28,000000 -20,200000
114 1686493866 -0,008715 91,800000 27,200000 27,200000 -20,200000
114 1686493867 -0,008715 91,800000 26,400000 26,400000 -20,200000
114 1686493868 -0,008715 91,800000 25,600000 25,600000 -20,200000
114 1686493869 -0,008715 91,800000 24,800000 24,800000 -20,200000
114 1686493870 -0,008715 91,800000 24,000000 24,000000 -20,200000
114 1686493871 0,019231 93,600000 25,800000 25,800000 -20,200000
114 1686493872 0,019231 93,600000 27,600000 27,600000 -20,200000
114 1686493873 0,019231 93,600000 29,400000 29,400000 -20,200000
114 1686493874 0,019231 93,600000 31,200000 31,200000 -20,200000
114 1686493875 0,019231 93,600000 33,000000 33,000000 -20,200000
114 1686493876 0,004228 94,600000 33,400000 33,400000 -20,200000
114 1686493877 0,004228 94,600000 33,800000 33,800000 -20,200000
114 1686493878 0,004228 94,600000 34,200000 34,200000 -20,200000
114 1686493879 0,004228 94,600000 34,600000 34,600000 -20,200000
114 1686493880 0,004228 94,600000 35,000000 35,000000 -20,200000
114 1686493881 -0,014583 96,000000 33,600000 33,600000 -20,200000
114 1686493882 -0,014583 96,000000 32,200000 32,200000 -20,200000
114 1686493883 -0,014583 96,000000 30,800000 30,800000 -20,200000
114 1686493884 -0,014583 96,000000 29,400000 29,400000 -20,200000
114 1686493885 -0,014583 96,000000 28,000000 28,000000 -20,200000
114 1686493886 -0,006135 97,800000 27,400000 27,400000 -20,200000
114 1686493887 -0,006135 97,800000 26,800000 26,800000 -20,200000
114 1686493888 -0,006135 97,800000 26,200000 26,200000 -20,200000
114 1686493889 -0,006135 97,800000 25,600000 25,600000 -20,200000
114 1686493890 -0,006135 97,800000 25,000000 25,000000 -20,200000
114 1686493891 0,000000 98,200000 25,000000 25,000000 -20,200000
114 1686493892 0,000000 98,200000 25,000000 25,000000 -20,200000
114 1686493893 0,000000 98,200000 25,000000 25,000000 -20,200000
114 1686493894 0,000000 98,200000 25,000000 25,000000 -20,200000
114 1686493895 0,000000 98,200000 25,000000 25,000000 -20,200000
114 1686493896 -0,004032 99,200000 24,600000 24,600000 -20,200000
114 1686493897 -0,004032 99,200000 24,200000 24,200000 -20,200000
114 1686493898 -0,004032 99,200000 23,800000 23,800000 -20,200000
114 1686493899 -0,004032 99,200000 23,400000 23,400000 -20,200000
114 1686493900 -0,004032 99,200000 23,000000 23,000000 -20,200000
114 1686493901 -0,006036 99,400000 22,400000 22,400000 -20,200000
114 1686493902 -0,006036 99,400000 21,800000 21,800000 -20,200000
114 1686493903 -0,006036 99,400000 21,200000 21,200000 -20,200000
114 1686493904 -0,006036 99,400000 20,600000 20,600000 -20,200000
114 1686493905 -0,006036 99,400000 20,000000 20,000000 -20,200000
114 1686493906 0,004016 99,600000 20,400000 20,400000 -20,200000
114 1686493907 0,004016 99,600000 20,800000 20,800000 -20,200000
114 1686493908 0,004016 99,600000 21,200000 21,200000 -20,200000
114 1686493909 0,004016 99,600000 21,600000 21,600000 -20,200000
114 1686493910 0,004016 99,600000 22,000000 22,000000 -20,200000
114 1686493911 0,005976 100,400000 22,600000 22,600000 -20,200000
114 1686493912 0,005976 100,400000 23,200000 23,200000 -20,200000
114 1686493913 0,005976 100,400000 23,800000 23,800000 -20,200000
114 1686493914 0,005976 100,400000 24,400000 24,400000 -20,200000
114 1686493915 0,005976 100,400000 25,000000 25,000000 -20,200000
114 1686493916 0,003960 101,000000 25,400000 25,400000 -20,200000
114 1686493917 0,003960 101,000000 25,800000 25,800000 -20,200000
114 1686493918 0,003960 101,000000 26,200000 26,200000 -20,200000
114 1686493919 0,003960 101,000000 26,600000 26,600000 -20,200000
114 1686493920 0,003960 101,000000 27,000000 27,000000 -20,200000
114 1686493921 0,001965 101,800000 27,200000 27,200000 -20,200000
114 1686493922 0,001965 101,800000 27,400000 27,400000 -20,200000
114 1686493923 0,001965 101,800000 27,600000 27,600000 -20,200000
114 1686493924 0,001965 101,800000 27,800000 27,800000 -20,200000
114 1686493925 0,001965 101,800000 28,000000 28,000000 -20,200000
114 1686493926 -0,009766 102,400000 27,000000 27,000000 -20,200000
114 1686493927 -0,009766 102,400000 26,000000 26,000000 -20,200000
114 1686493928 -0,009766 102,400000 25,000000 25,000000 -20,200000
114 1686493929 -0,009766 102,400000 24,000000 24,000000 -20,200000
114 1686493930 -0,009766 102,400000 23,000000 23,000000 -20,200000
114 1686493931 0,000000 103,000000 23,000000 23,000000 -20,200000
114 1686493932 0,000000 103,000000 23,000000 23,000000 -20,200000
114 1686493933 0,000000 103,000000 23,000000 23,000000 -20,200000
114 1686493934 0,000000 103,000000 23,000000 23,000000 -20,200000
114 1686493935 0,000000 103,000000 23,000000 23,000000 -20,200000
114 1686493936 0,000000 103,600000 23,000000 23,000000 -20,200000
114 1686493937 0,000000 103,600000 23,000000 23,000000 -20,200000
114 1686493938 0,000000 103,600000 23,000000 23,000000 -20,200000
114 1686493939 0,000000 103,600000 23,000000 23,000000 -20,200000
114 1686493940 0,000000 103,600000 23,000000 23,000000 -20,200000
114 1686493941 0,000000 104,000000 23,000000 23,000000 -20,200000
114 1686493942 0,000000 104,000000 23,000000 23,000000 -20,200000
114 1686493943 0,000000 104,000000 23,000000 23,000000 -20,200000
114 1686493944 0,000000 104,000000 23,000000 23,000000 -20,200000
114 1686493945 0,000000 104,000000 23,000000 23,000000 -20,200000
114 1686493946 -0,003831 104,400000 22,600000 22,600000 -20,200000
114 1686493947 -0,003831 104,400000 22,200000 22,200000 -20,200000
114 1686493948 -0,003831 104,400000 21,800000 21,800000 -20,200000
114 1686493949 -0,003831 104,400000 21,400000 21,400000 -20,200000
114 1686493950 -0,003831 104,400000 21,000000 21,000000 -20,200000
114 1686493951 0,005693 105,400000 21,600000 21,600000 -20,200000
114 1686493952 0,005693 105,400000 22,200000 22,200000 -20,200000
114 1686493953 0,005693 105,400000 22,800000 22,800000 -20,200000
114 1686493954 0,005693 105,400000 23,400000 23,400000 -20,200000
114 1686493955 0,005693 105,400000 24,000000 24,000000 -20,200000
114 1686493956 0,007533 106,200000 24,800000 24,800000 -20,200000
114 1686493957 0,007533 106,200000 25,600000 25,600000 -20,200000
114 1686493958 0,007533 106,200000 26,400000 26,400000 -20,200000
114 1686493959 0,007533 106,200000 27,200000 27,200000 -20,200000
114 1686493960 0,007533 106,200000 28,000000 28,000000 -20,200000
114 1686493961 -0,005629 106,600000 27,400000 27,400000 -20,200000
114 1686493962 -0,005629 106,600000 26,800000 26,800000 -20,200000
114 1686493963 -0,005629 106,600000 26,200000 26,200000 -20,200000
114 1686493964 -0,005629 106,600000 25,600000 25,600000 -20,200000
114 1686493965 -0,005629 106,600000 25,000000 25,000000 -20,200000
114 1686493966 -0,003717 107,600000 24,600000 24,600000 -20,200000
114 1686493967 -0,003717 107,600000 24,200000 24,200000 -20,200000
114 1686493968 -0,003717 107,600000 23,800000 23,800000 -20,200000
114 1686493969 -0,003717 107,600000 23,400000 23,400000 -20,200000
114 1686493970 -0,003717 107,600000 23,000000 23,000000 -20,200000
114 1686493971 0,011091 108,200000 24,200000 24,200000 -20,200000
114 1686493972 0,011091 108,200000 25,400000 25,400000 -20,200000
114 1686493973 0,011091 108,200000 26,600000 26,600000 -20,200000
114 1686493974 0,011091 108,200000 27,800000 27,800000 -20,200000
114 1686493975 0,011091 108,200000 29,000000 29,000000 -20,200000
114 1686493976 0,003656 109,400000 29,400000 29,400000 -20,200000
114 1686493977 0,003656 109,400000 29,800000 29,800000 -20,200000
114 1686493978 0,003656 109,400000 30,200000 30,200000 -20,200000
114 1686493979 0,003656 109,400000 30,600000 30,600000 -20,200000
114 1686493980 0,003656 109,400000 31,000000 31,000000 -20,200000
114 1686493981 -0,012681 110,400000 29,600000 29,600000 -20,200000
114 1686493982 -0,012681 110,400000 28,200000 28,200000 -20,200000
114 1686493983 -0,012681 110,400000 26,800000 26,800000 -20,200000
114 1686493984 -0,012681 110,400000 25,400000 25,400000 -20,200000
114 1686493985 -0,012681 110,400000 24,000000 24,000000 -20,200000
114 1686493986 -0,008993 111,200000 23,000000 23,000000 -20,200000
114 1686493987 -0,008993 111,200000 22,000000 22,000000 -20,200000
114 1686493988 -0,008993 111,200000 21,000000 21,000000 -20,200000
114 1686493989 -0,008993 111,200000 20,000000 20,000000 -20,200000
114 1686493990 -0,008993 111,200000 19,000000 19,000000 -20,200000
114 1686493991 0,007130 112,200000 19,800000 19,800000 -20,200000
114 1686493992 0,007130 112,200000 20,600000 20,600000 -20,200000
114 1686493993 0,007130 112,200000 21,400000 21,400000 -20,200000
114 1686493994 0,007130 112,200000 22,200000 22,200000 -20,200000
114 1686493995 0,007130 112,200000 23,000000 23,000000 -20,200000
114 1686493996 0,003559 112,400000 23,400000 23,400000 -20,200000
114 1686493997 0,003559 112,400000 23,800000 23,800000 -20,200000
114 1686493998 0,003559 112,400000 24,200000 24,200000 -20,200000
114 1686493999 0,003559 112,400000 24,600000 24,600000 -20,200000
114 1686494000 0,003559 112,400000 25,000000 25,000000 -20,200000
114 1686494001 -0,003552 112,600000 24,600000 24,600000 -20,200000
114 1686494002 -0,003552 112,600000 24,200000 24,200000 -20,200000
114 1686494003 -0,003552 112,600000 23,800000 23,800000 -20,200000
114 1686494004 -0,003552 112,600000 23,400000 23,400000 -20,200000
114 1686494005 -0,003552 112,600000 23,000000 23,000000 -20,200000
114 1686494006 -0,003540 113,000000 22,600000 22,600000 -20,200000
114 1686494007 -0,003540 113,000000 22,200000 22,200000 -20,200000
114 1686494008 -0,003540 113,000000 21,800000 21,800000 -20,200000
114 1686494009 -0,003540 113,000000 21,400000 21,400000 -20,200000
114 1686494010 -0,003540 113,000000 21,000000 21,000000 -20,200000
114 1686494011 0,010563 113,600000 22,200000 22,200000 -20,200000
114 1686494012 0,010563 113,600000 23,400000 23,400000 -20,200000
114 1686494013 0,010563 113,600000 24,600000 24,600000 -20,200000
114 1686494014 0,010563 113,600000 25,800000 25,800000 -20,200000
114 1686494015 0,010563 113,600000 27,000000 27,000000 -20,200000
114 1686494016 0,001745 114,600000 27,200000 27,200000 -20,200000
114 1686494017 0,001745 114,600000 27,400000 27,400000 -20,200000
114 1686494018 0,001745 114,600000 27,600000 27,600000 -20,200000
114 1686494019 0,001745 114,600000 27,800000 27,800000 -20,200000
114 1686494020 0,001745 114,600000 28,000000 28,000000 -20,200000
114 1686494021 -0,012153 115,200000 26,600000 26,600000 -20,200000
114 1686494022 -0,012153 115,200000 25,200000 25,200000 -20,200000
114 1686494023 -0,012153 115,200000 23,800000 23,800000 -20,200000
114 1686494024 -0,012153 115,200000 22,400000 22,400000 -20,200000
114 1686494025 -0,012153 115,200000 21,000000 21,000000 -20,200000
114 1686494026 -0,001724 116,000000 20,800000 20,800000 -20,200000
114 1686494027 -0,001724 116,000000 20,600000 20,600000 -20,200000
114 1686494028 -0,001724 116,000000 20,400000 20,400000 -20,200000
114 1686494029 -0,001724 116,000000 20,200000 20,200000 -20,200000
114 1686494030 -0,001724 116,000000 20,000000 20,000000 -20,200000
114 1686494031 0,005146 116,600000 20,600000 20,600000 -20,200000
114 1686494032 0,005146 116,600000 21,200000 21,200000 -20,200000
114 1686494033 0,005146 116,600000 21,800000 21,800000 -20,200000
114 1686494034 0,005146 116,600000 22,400000 22,400000 -20,200000
114 1686494035 0,005146 116,600000 23,000000 23,000000 -20,200000
114 1686494036 0,001712 116,800000 23,200000 23,200000 -20,200000
114 1686494037 0,001712 116,800000 23,400000 23,400000 -20,200000
114 1686494038 0,001712 116,800000 23,600000 23,600000 -20,200000
114 1686494039 0,001712 116,800000 23,800000 23,800000 -20,200000
114 1686494040 0,001712 116,800000 24,000000 24,000000 -20,200000
114 1686494041 0,005111 117,400000 24,600000 24,600000 -20,200000
114 1686494042 0,005111 117,400000 25,200000 25,200000 -20,200000
114 1686494043 0,005111 117,400000 25,800000 25,800000 -20,200000
114 1686494044 0,005111 117,400000 26,400000 26,400000 -20,200000
114 1686494045 0,005111 117,400000 27,000000 27,000000 -20,200000
114 1686494046 0,000000 118,200000 27,000000 27,000000 -20,200000
114 1686494047 0,000000 118,200000 27,000000 27,000000 -20,200000
114 1686494048 0,000000 118,200000 27,000000 27,000000 -20,200000
114 1686494049 0,000000 118,200000 27,000000 27,000000 -20,200000
114 1686494050 0,000000 118,200000 27,000000 27,000000 -20,200000
114 1686494051 0,000000 119,200000 27,000000 27,000000 -20,200000
114 1686494052 0,000000 119,200000 27,000000 27,000000 -20,200000
114 1686494053 0,000000 119,200000 27,000000 27,000000 -20,200000
114 1686494054 0,000000 119,200000 27,000000 27,000000 -20,200000
114 1686494055 0,000000 119,200000 27,000000 27,000000 -20,200000
114 1686494056 0,001656 120,800000 27,200000 27,200000 -20,200000
114 1686494057 0,001656 120,800000 27,400000 27,400000 -20,200000
114 1686494058 0,001656 120,800000 27,600000 27,600000 -20,200000
114 1686494059 0,001656 120,800000 27,800000 27,800000 -20,200000
114 1686494060 0,001656 120,800000 28,000000 28,000000 -20,200000
114 1686494061 0,001642 121,800000 28,200000 28,200000 -20,200000
114 1686494062 0,001642 121,800000 28,400000 28,400000 -20,200000
114 1686494063 0,001642 121,800000 28,600000 28,600000 -20,200000
114 1686494064 0,001642 121,800000 28,800000 28,800000 -20,200000
114 1686494065 0,001642 121,800000 29,000000 29,000000 -20,200000
114 1686494066 -0,004878 123,000000 28,400000 28,400000 -20,200000
114 1686494067 -0,004878 123,000000 27,800000 27,800000 -20,200000
114 1686494068 -0,004878 123,000000 27,200000 27,200000 -20,200000
114 1686494069 -0,004878 123,000000 26,600000 26,600000 -20,200000
114 1686494070 -0,004878 123,000000 26,000000 26,000000 -20,200000
114 1686494071 -0,001610 124,200000 25,800000 25,800000 -20,200000
114 1686494072 -0,001610 124,200000 25,600000 25,600000 -20,200000
114 1686494073 -0,001610 124,200000 25,400000 25,400000 -20,200000
114 1686494074 -0,001610 124,200000 25,200000 25,200000 -20,200000
114 1686494075 -0,001610 124,200000 25,000000 25,000000 -20,200000
114 1686494076 0,000000 124,800000 25,000000 25,000000 -20,200000
114 1686494077 0,000000 124,800000 25,000000 25,000000 -20,200000
114 1686494078 0,000000 124,800000 25,000000 25,000000 -20,200000
114 1686494079 0,000000 124,800000 25,000000 25,000000 -20,200000
114 1686494080 0,000000 124,800000 25,000000 25,000000 -20,200000
114 1686494081 -0,003200 125,000000 24,600000 24,600000 -20,200000
114 1686494082 -0,003200 125,000000 24,200000 24,200000 -20,200000
114 1686494083 -0,003200 125,000000 23,800000 23,800000 -20,200000
114 1686494084 -0,003200 125,000000 23,400000 23,400000 -20,200000
114 1686494085 -0,003200 125,000000 23,000000 23,000000 -20,200000
114 1686494086 0,000000 125,600000 23,000000 23,000000 -20,200000
114 1686494087 0,000000 125,600000 23,000000 23,000000 -20,200000
114 1686494088 0,000000 125,600000 23,000000 23,000000 -20,200000
114 1686494089 0,000000 125,600000 23,000000 23,000000 -20,200000
114 1686494090 0,000000 125,600000 23,000000 23,000000 -20,200000
114 1686494091 0,001587 126,000000 23,200000 23,200000 -20,200000
114 1686494092 0,001587 126,000000 23,400000 23,400000 -20,200000
114 1686494093 0,001587 126,000000 23,600000 23,600000 -20,200000
114 1686494094 0,001587 126,000000 23,800000 23,800000 -20,200000
114 1686494095 0,001587 126,000000 24,000000 24,000000 -20,200000
114 1686494096 -0,003155 126,800000 23,600000 23,600000 -20,200000
114 1686494097 -0,003155 126,800000 23,200000 23,200000 -20,200000
114 1686494098 -0,003155 126,800000 22,800000 22,800000 -20,200000
114 1686494099 -0,003155 126,800000 22,400000 22,400000 -20,200000
114 1686494100 -0,003155 126,800000 22,000000 22,000000 -20,200000
114 1686494101 -0,003140 127,400000 21,600000 21,600000 -20,200000
114 1686494102 -0,003140 127,400000 21,200000 21,200000 -20,200000
114 1686494103 -0,003140 127,400000 20,800000 20,800000 -20,200000
114 1686494104 -0,003140 127,400000 20,400000 20,400000 -20,200000
114 1686494105 -0,003140 127,400000 20,000000 20,000000 -20,200000
114 1686494106 0,003135 127,600000 20,400000 20,400000 -20,200000
114 1686494107 0,003135 127,600000 20,800000 20,800000 -20,200000
114 1686494108 0,003135 127,600000 21,200000 21,200000 -20,200000
114 1686494109 0,003135 127,600000 21,600000 21,600000 -20,200000
114 1686494110 0,003135 127,600000 22,000000 22,000000 -20,200000
114 1686494111 0,007788 128,400000 23,000000 23,000000 -20,200000
114 1686494112 0,007788 128,400000 24,000000 24,000000 -20,200000
114 1686494113 0,007788 128,400000 25,000000 25,000000 -20,200000
114 1686494114 0,007788 128,400000 26,000000 26,000000 -20,200000
114 1686494115 0,007788 128,400000 27,000000 27,000000 -20,200000
114 1686494116 0,000000 128,800000 27,000000 27,000000 -20,200000
114 1686494117 0,000000 128,800000 27,000000 27,000000 -20,200000
114 1686494118 0,000000 128,800000 27,000000 27,000000 -20,200000
114 1686494119 0,000000 128,800000 27,000000 27,000000 -20,200000
114 1686494120 0,000000 128,800000 27,000000 27,000000 -20,200000
114 1686494121 -0,003086 129,600000 26,600000 26,600000 -20,200000
114 1686494122 -0,003086 129,600000 26,200000 26,200000 -20,200000
114 1686494123 -0,003086 129,600000 25,800000 25,800000 -20,200000
114 1686494124 -0,003086 129,600000 25,400000 25,400000 -20,200000
114 1686494125 -0,003086 129,600000 25,000000 25,000000 -20,200000
114 1686494126 -0,001534 130,400000 24,800000 24,800000 -20,200000
114 1686494127 -0,001534 130,400000 24,600000 24,600000 -20,200000
114 1686494128 -0,001534 130,400000 24,400000 24,400000 -20,200000
114 1686494129 -0,001534 130,400000 24,200000 24,200000 -20,200000
114 1686494130 -0,001534 130,400000 24,000000 24,000000 -20,200000
114 1686494131 0,003053 131,000000 24,400000 24,400000 -20,200000
114 1686494132 0,003053 131,000000 24,800000 24,800000 -20,200000
114 1686494133 0,003053 131,000000 25,200000 25,200000 -20,200000
114 1686494134 0,003053 131,000000 25,600000 25,600000 -20,200000
114 1686494135 0,003053 131,000000 26,000000 26,000000 -20,200000
114 1686494136 -0,001513 132,200000 25,800000 25,800000 -20,200000
114 1686494137 -0,001513 132,200000 25,600000 25,600000 -20,200000
114 1686494138 -0,001513 132,200000 25,400000 25,400000 -20,200000
114 1686494139 -0,001513 132,200000 25,200000 25,200000 -20,200000
114 1686494140 -0,001513 132,200000 25,000000 25,000000 -20,200000
114 1686494141 -0,007530 132,800000 24,000000 24,000000 -20,200000
114 1686494142 -0,007530 132,800000 23,000000 23,000000 -20,200000
114 1686494143 -0,007530 132,800000 22,000000 22,000000 -20,200000
114 1686494144 -0,007530 132,800000 21,000000 21,000000 -20,200000
114 1686494145 -0,007530 132,800000 20,000000 20,000000 -20,200000
114 1686494146 0,003008 133,000000 20,400000 20,400000 -20,200000
114 1686494147 0,003008 133,000000 20,800000 20,800000 -20,200000
114 1686494148 0,003008 133,000000 21,200000 21,200000 -20,200000
114 1686494149 0,003008 133,000000 21,600000 21,600000 -20,200000
114 1686494150 0,003008 133,000000 22,000000 22,000000 -20,200000
114 1686494151 0,010448 134,000000 23,400000 23,400000 -20,200000
114 1686494152 0,010448 134,000000 24,800000 24,800000 -20,200000
114 1686494153 0,010448 134,000000 26,200000 26,200000 -20,200000
114 1686494154 0,010448 134,000000 27,600000 27,600000 -20,200000
114 1686494155 0,010448 134,000000 29,000000 29,000000 -20,200000
114 1686494156 0,008889 135,000000 30,200000 30,200000 -20,200000
114 1686494157 0,008889 135,000000 31,400000 31,400000 -20,200000
114 1686494158 0,008889 135,000000 32,600000 32,600000 -20,200000
114 1686494159 0,008889 135,000000 33,800000 33,800000 -20,200000
114 1686494160 0,008889 135,000000 35,000000 35,000000 -20,200000
114 1686494161 -0,007342 136,200000 34,000000 34,000000 -20,200000
114 1686494162 -0,007342 136,200000 33,000000 33,000000 -20,200000
114 1686494163 -0,007342 136,200000 32,000000 32,000000 -20,200000
114 1686494164 -0,007342 136,200000 31,000000 31,000000 -20,200000
114 1686494165 -0,007342 136,200000 30,000000 30,000000 -20,200000
114 1686494166 -0,013120 137,200000 28,200000 28,200000 -20,200000
114 1686494167 -0,013120 137,200000 26,400000 26,400000 -20,200000
114 1686494168 -0,013120 137,200000 24,600000 24,600000 -20,200000
114 1686494169 -0,013120 137,200000 22,800000 22,800000 -20,200000
114 1686494170 -0,013120 137,200000 21,000000 21,000000 -20,200000
114 1686494171 0,005772 138,600000 21,800000 21,800000 -20,200000
114 1686494172 0,005772 138,600000 22,600000 22,600000 -20,200000
114 1686494173 0,005772 138,600000 23,400000 23,400000 -20,200000
114 1686494174 0,005772 138,600000 24,200000 24,200000 -20,200000
114 1686494175 0,005772 138,600000 25,000000 25,000000 -20,200000
114 1686494176 0,002869 139,400000 25,400000 25,400000 -20,200000
114 1686494177 0,002869 139,400000 25,800000 25,800000 -20,200000
114 1686494178 0,002869 139,400000 26,200000 26,200000 -20,200000
114 1686494179 0,002869 139,400000 26,600000 26,600000 -20,200000
114 1686494180 0,002869 139,400000 27,000000 27,000000 -20,200000
114 1686494181 -0,007153 139,800000 26,000000 26,000000 -20,200000
114 1686494182 -0,007153 139,800000 25,000000 25,000000 -20,200000
114 1686494183 -0,007153 139,800000 24,000000 24,000000 -20,200000
114 1686494184 -0,007153 139,800000 23,000000 23,000000 -20,200000
114 1686494185 -0,007153 139,800000 22,000000 22,000000 -20,200000
114 1686494186 -0,002853 140,200000 21,600000 21,600000 -20,200000
114 1686494187 -0,002853 140,200000 21,200000 21,200000 -20,200000
114 1686494188 -0,002853 140,200000 20,800000 20,800000 -20,200000
114 1686494189 -0,002853 140,200000 20,400000 20,400000 -20,200000
114 1686494190 -0,002853 140,200000 20,000000 20,000000 -20,200000
114 1686494191 0,008511 141,000000 21,200000 21,200000 -20,200000
114 1686494192 0,008511 141,000000 22,400000 22,400000 -20,200000
114 1686494193 0,008511 141,000000 23,600000 23,600000 -20,200000
114 1686494194 0,008511 141,000000 24,800000 24,800000 -20,200000
114 1686494195 0,008511 141,000000 26,000000 26,000000 -20,200000
114 1686494196 0,001414 141,400000 26,200000 26,200000 -20,200000
114 1686494197 0,001414 141,400000 26,400000 26,400000 -20,200000
114 1686494198 0,001414 141,400000 26,600000 26,600000 -20,200000
114 1686494199 0,001414 141,400000 26,800000 26,800000 -20,200000
114 1686494200 0,001414 141,400000 27,000000 27,000000 -20,200000
114 1686494201 -0,002817 142,000000 26,600000 26,600000 -20,200000
114 1686494202 -0,002817 142,000000 26,200000 26,200000 -20,200000
114 1686494203 -0,002817 142,000000 25,800000 25,800000 -20,200000
114 1686494204 -0,002817 142,000000 25,400000 25,400000 -20,200000
114 1686494205 -0,002817 142,000000 25,000000 25,000000 -20,200000
114 1686494206 -0,001399 143,000000 24,800000 24,800000 -20,200000
114 1686494207 -0,001399 143,000000 24,600000 24,600000 -20,200000
114 1686494208 -0,001399 143,000000 24,400000 24,400000 -20,200000
114 1686494209 -0,001399 143,000000 24,200000 24,200000 -20,200000
114 1686494210 -0,001399 143,000000 24,000000 24,000000 -20,200000
114 1686494211 0,001395 143,400000 24,200000 24,200000 -20,200000
114 1686494212 0,001395 143,400000 24,400000 24,400000 -20,200000
114 1686494213 0,001395 143,400000 24,600000 24,600000 -20,200000
114 1686494214 0,001395 143,400000 24,800000 24,800000 -20,200000
114 1686494215 0,001395 143,400000 25,000000 25,000000 -20,200000
114 1686494216 0,000000 144,600000 25,000000 25,000000 -20,200000
114 1686494217 0,000000 144,600000 25,000000 25,000000 -20,200000
114 1686494218 0,000000 144,600000 25,000000 25,000000 -20,200000
114 1686494219 0,000000 144,600000 25,000000 25,000000 -20,200000
114 1686494220 0,000000 144,600000 25,000000 25,000000 -20,200000
114 1686494221 -0,001379 145,000000 24,800000 24,800000 -20,200000
114 1686494222 -0,001379 145,000000 24,600000 24,600000 -20,200000
114 1686494223 -0,001379 145,000000 24,400000 24,400000 -20,200000
114 1686494224 -0,001379 145,000000 24,200000 24,200000 -20,200000
114 1686494225 -0,001379 145,000000 24,000000 24,000000 -20,200000
114 1686494226 -0,002755 145,200000 23,600000 23,600000 -20,200000
114 1686494227 -0,002755 145,200000 23,200000 23,200000 -20,200000
114 1686494228 -0,002755 145,200000 22,800000 22,800000 -20,200000
114 1686494229 -0,002755 145,200000 22,400000 22,400000 -20,200000
114 1686494230 -0,002755 145,200000 22,000000 22,000000 -20,200000
114 1686494231 0,004098 146,400000 22,600000 22,600000 -20,200000
114 1686494232 0,004098 146,400000 23,200000 23,200000 -20,200000
114 1686494233 0,004098 146,400000 23,800000 23,800000 -20,200000
114 1686494234 0,004098 146,400000 24,400000 24,400000 -20,200000
114 1686494235 0,004098 146,400000 25,000000 25,000000 -20,200000
114 1686494236 0,004082 147,000000 25,600000 25,600000 -20,200000
114 1686494237 0,004082 147,000000 26,200000 26,200000 -20,200000
114 1686494238 0,004082 147,000000 26,800000 26,800000 -20,200000
114 1686494239 0,004082 147,000000 27,400000 27,400000 -20,200000
114 1686494240 0,004082 147,000000 28,000000 28,000000 -20,200000
114 1686494241 0,000000 147,800000 28,000000 28,000000 -20,200000
114 1686494242 0,000000 147,800000 28,000000 28,000000 -20,200000
114 1686494243 0,000000 147,800000 28,000000 28,000000 -20,200000
114 1686494244 0,000000 147,800000 28,000000 28,000000 -20,200000
114 1686494245 0,000000 147,800000 28,000000 28,000000 -20,200000
114 1686494246 0,001340 149,200000 28,200000 28,200000 -20,200000
114 1686494247 0,001340 149,200000 28,400000 28,400000 -20,200000
114 1686494248 0,001340 149,200000 28,600000 28,600000 -20,200000
114 1686494249 0,001340 149,200000 28,800000 28,800000 -20,200000
114 1686494250 0,001340 149,200000 29,000000 29,000000 -20,200000
114 1686494251 0,000000 150,600000 29,000000 29,000000 -20,200000
114 1686494252 0,000000 150,600000 29,000000 29,000000 -20,200000
114 1686494253 0,000000 150,600000 29,000000 29,000000 -20,200000
114 1686494254 0,000000 150,600000 29,000000 29,000000 -20,200000
114 1686494255 0,000000 150,600000 29,000000 29,000000 -20,200000
114 1686494256 0,000000 151,600000 29,000000 29,000000 -20,200000
114 1686494257 0,000000 151,600000 29,000000 29,000000 -20,200000
114 1686494258 0,000000 151,600000 29,000000 29,000000 -20,200000
114 1686494259 0,000000 151,600000 29,000000 29,000000 -20,200000
114 1686494260 0,000000 151,600000 29,000000 29,000000 -20,200000
114 1686494261 -0,011796 152,600000 27,200000 27,200000 -20,200000
114 1686494262 -0,011796 152,600000 25,400000 25,400000 -20,200000
114 1686494263 -0,011796 152,600000 23,600000 23,600000 -20,200000
114 1686494264 -0,011796 152,600000 21,800000 21,800000 -20,200000
114 1686494265 -0,011796 152,600000 20,000000 20,000000 -20,200000
114 1686494266 0,002618 152,800000 20,400000 20,400000 -20,200000
114 1686494267 0,002618 152,800000 20,800000 20,800000 -20,200000
114 1686494268 0,002618 152,800000 21,200000 21,200000 -20,200000
114 1686494269 0,002618 152,800000 21,600000 21,600000 -20,200000
114 1686494270 0,002618 152,800000 22,000000 22,000000 -20,200000
114 1686494271 0,002604 153,600000 22,400000 22,400000 -20,200000
114 1686494272 0,002604 153,600000 22,800000 22,800000 -20,200000
114 1686494273 0,002604 153,600000 23,200000 23,200000 -20,200000
114 1686494274 0,002604 153,600000 23,600000 23,600000 -20,200000
114 1686494275 0,002604 153,600000 24,000000 24,000000 -20,200000
114 1686494276 -0,001299 154,000000 23,800000 23,800000 -20,200000
114 1686494277 -0,001299 154,000000 23,600000 23,600000 -20,200000
114 1686494278 -0,001299 154,000000 23,400000 23,400000 -20,200000
114 1686494279 -0,001299 154,000000 23,200000 23,200000 -20,200000
114 1686494280 -0,001299 154,000000 23,000000 23,000000 -20,200000
114 1686494281 0,000000 154,600000 23,000000 23,000000 -20,200000
114 1686494282 0,000000 154,600000 23,000000 23,000000 -20,200000
114 1686494283 0,000000 154,600000 23,000000 23,000000 -20,200000
114 1686494284 0,000000 154,600000 23,000000 23,000000 -20,200000
114 1686494285 0,000000 154,600000 23,000000 23,000000 -20,200000
114 1686494286 -0,002581 155,000000 22,600000 22,600000 -20,200000
114 1686494287 -0,002581 155,000000 22,200000 22,200000 -20,200000
114 1686494288 -0,002581 155,000000 21,800000 21,800000 -20,200000
114 1686494289 -0,002581 155,000000 21,400000 21,400000 -20,200000
114 1686494290 -0,002581 155,000000 21,000000 21,000000 -20,200000
114 1686494291 0,001289 155,200000 21,200000 21,200000 -20,200000
114 1686494292 0,001289 155,200000 21,400000 21,400000 -20,200000
114 1686494293 0,001289 155,200000 21,600000 21,600000 -20,200000
114 1686494294 0,001289 155,200000 21,800000 21,800000 -20,200000
114 1686494295 0,001289 155,200000 22,000000 22,000000 -20,200000
114 1686494296 0,003846 156,000000 22,600000 22,600000 -20,200000
114 1686494297 0,003846 156,000000 23,200000 23,200000 -20,200000
114 1686494298 0,003846 156,000000 23,800000 23,800000 -20,200000
114 1686494299 0,003846 156,000000 24,400000 24,400000 -20,200000
114 1686494300 0,003846 156,000000 25,000000 25,000000 -20,200000
114 1686494301 0,001277 156,600000 25,200000 25,200000 -20,200000
114 1686494302 0,001277 156,600000 25,400000 25,400000 -20,200000
114 1686494303 0,001277 156,600000 25,600000 25,600000 -20,200000
114 1686494304 0,001277 156,600000 25,800000 25,800000 -20,200000
114 1686494305 0,001277 156,600000 26,000000 26,000000 -20,200000
114 1686494306 -0,001272 157,200000 25,800000 25,800000 -20,200000
114 1686494307 -0,001272 157,200000 25,600000 25,600000 -20,200000
114 1686494308 -0,001272 157,200000 25,400000 25,400000 -20,200000
114 1686494309 -0,001272 157,200000 25,200000 25,200000 -20,200000
114 1686494310 -0,001272 157,200000 25,000000 25,000000 -20,200000
114 1686494311 0,001261 158,600000 25,200000 25,200000 -20,200000
114 1686494312 0,001261 158,600000 25,400000 25,400000 -20,200000
114 1686494313 0,001261 158,600000 25,600000 25,600000 -20,200000
114 1686494314 0,001261 158,600000 25,800000 25,800000 -20,200000
114 1686494315 0,001261 158,600000 26,000000 26,000000 -20,200000
114 1686494316 0,001255 159,400000 26,200000 26,200000 -20,200000
114 1686494317 0,001255 159,400000 26,400000 26,400000 -20,200000
114 1686494318 0,001255 159,400000 26,600000 26,600000 -20,200000
114 1686494319 0,001255 159,400000 26,800000 26,800000 -20,200000
114 1686494320 0,001255 159,400000 27,000000 27,000000 -20,200000
114 1686494321 -0,002497 160,200000 26,600000 26,600000 -20,200000
114 1686494322 -0,002497 160,200000 26,200000 26,200000 -20,200000
114 1686494323 -0,002497 160,200000 25,800000 25,800000 -20,200000
114 1686494324 -0,002497 160,200000 25,400000 25,400000 -20,200000
114 1686494325 -0,002497 160,200000 25,000000 25,000000 -20,200000
114 1686494326 0,000000 160,800000 25,000000 25,000000 -20,200000
114 1686494327 0,000000 160,800000 25,000000 25,000000 -20,200000
114 1686494328 0,000000 160,800000 25,000000 25,000000 -20,200000
114 1686494329 0,000000 160,800000 25,000000 25,000000 -20,200000
114 1686494330 0,000000 160,800000 25,000000 25,000000 -20,200000
114 1686494331 0,000000 161,200000 25,000000 25,000000 -20,200000
114 1686494332 0,000000 161,200000 25,000000 25,000000 -20,200000
114 1686494333 0,000000 161,200000 25,000000 25,000000 -20,200000
114 1686494334 0,000000 161,200000 25,000000 25,000000 -20,200000
114 1686494335 0,000000 161,200000 25,000000 25,000000 -20,200000
114 1686494336 0,000000 162,400000 25,000000 25,000000 -20,200000
114 1686494337 0,000000 162,400000 25,000000 25,000000 -20,200000
114 1686494338 0,000000 162,400000 25,000000 25,000000 -20,200000
114 1686494339 0,000000 162,400000 25,000000 25,000000 -20,200000
114 1686494340 0,000000 162,400000 25,000000 25,000000 -20,200000
114 1686494341 -0,002454 163,000000 24,600000 24,600000 -20,200000
114 1686494342 -0,002454 163,000000 24,200000 24,200000 -20,200000
114 1686494343 -0,002454 163,000000 23,800000 23,800000 -20,200000
114 1686494344 -0,002454 163,000000 23,400000 23,400000 -20,200000
114 1686494345 -0,002454 163,000000 23,000000 23,000000 -20,200000
114 1686494346 0,000000 163,400000 23,000000 23,000000 -20,200000
114 1686494347 0,000000 163,400000 23,000000 23,000000 -20,200000
114 1686494348 0,000000 163,400000 23,000000 23,000000 -20,200000
114 1686494349 0,000000 163,400000 23,000000 23,000000 -20,200000
114 1686494350 0,000000 163,400000 23,000000 23,000000 -20,200000
114 1686494351 0,002430 164,600000 23,400000 23,400000 -20,200000
114 1686494352 0,002430 164,600000 23,800000 23,800000 -20,200000
114 1686494353 0,002430 164,600000 24,200000 24,200000 -20,200000
114 1686494354 0,002430 164,600000 24,600000 24,600000 -20,200000
114 1686494355 0,002430 164,600000 25,000000 25,000000 -20,200000
114 1686494356 0,000000 165,200000 25,000000 25,000000 -20,200000
114 1686494357 0,000000 165,200000 25,000000 25,000000 -20,200000
114 1686494358 0,000000 165,200000 25,000000 25,000000 -20,200000
114 1686494359 0,000000 165,200000 25,000000 25,000000 -20,200000
114 1686494360 0,000000 165,200000 25,000000 25,000000 -20,200000
114 1686494361 -0,002418 165,400000 24,600000 24,600000 -20,200000
114 1686494362 -0,002418 165,400000 24,200000 24,200000 -20,200000
114 1686494363 -0,002418 165,400000 23,800000 23,800000 -20,200000
114 1686494364 -0,002418 165,400000 23,400000 23,400000 -20,200000
114 1686494365 -0,002418 165,400000 23,000000 23,000000 -20,200000
114 1686494366 -0,002413 165,800000 22,600000 22,600000 -20,200000
114 1686494367 -0,002413 165,800000 22,200000 22,200000 -20,200000
114 1686494368 -0,002413 165,800000 21,800000 21,800000 -20,200000
114 1686494369 -0,002413 165,800000 21,400000 21,400000 -20,200000
114 1686494370 -0,002413 165,800000 21,000000 21,000000 -20,200000
114 1686494371 0,003610 166,200000 21,600000 21,600000 -20,200000
114 1686494372 0,003610 166,200000 22,200000 22,200000 -20,200000
114 1686494373 0,003610 166,200000 22,800000 22,800000 -20,200000
114 1686494374 0,003610 166,200000 23,400000 23,400000 -20,200000
114 1686494375 0,003610 166,200000 24,000000 24,000000 -20,200000
114 1686494376 0,000000 167,000000 24,000000 24,000000 -20,200000
114 1686494377 0,000000 167,000000 24,000000 24,000000 -20,200000
114 1686494378 0,000000 167,000000 24,000000 24,000000 -20,200000
114 1686494379 0,000000 167,000000 24,000000 24,000000 -20,200000
114 1686494380 0,000000 167,000000 24,000000 24,000000 -20,200000
114 1686494381 -0,005974 167,400000 23,000000 23,000000 -20,200000
114 1686494382 -0,005974 167,400000 22,000000 22,000000 -20,200000
114 1686494383 -0,005974 167,400000 21,000000 21,000000 -20,200000
114 1686494384 -0,005974 167,400000 20,000000 20,000000 -20,200000
114 1686494385 -0,005974 167,400000 19,000000 19,000000 -20,200000
114 1686494386 0,008343 167,800000 20,400000 20,400000 -20,200000
114 1686494387 0,008343 167,800000 21,800000 21,800000 -20,200000
114 1686494388 0,008343 167,800000 23,200000 23,200000 -20,200000
114 1686494389 0,008343 167,800000 24,600000 24,600000 -20,200000
114 1686494390 0,008343 167,800000 26,000000 26,000000 -20,200000
114 1686494391 0,002367 169,000000 26,400000 26,400000 -20,200000
114 1686494392 0,002367 169,000000 26,800000 26,800000 -20,200000
114 1686494393 0,002367 169,000000 27,200000 27,200000 -20,200000
114 1686494394 0,002367 169,000000 27,600000 27,600000 -20,200000
114 1686494395 0,002367 169,000000 28,000000 28,000000 -20,200000
114 1686494396 0,003538 169,600000 28,600000 28,600000 -20,200000
114 1686494397 0,003538 169,600000 29,200000 29,200000 -20,200000
114 1686494398 0,003538 169,600000 29,800000 29,800000 -20,200000
114 1686494399 0,003538 169,600000 30,400000 30,400000 -20,200000
114 1686494400 0,003538 169,600000 31,000000 31,000000 -20,200000
114 1686494401 -0,008226 170,200000 29,600000 29,600000 -20,200000
114 1686494402 -0,008226 170,200000 28,200000 28,200000 -20,200000
114 1686494403 -0,008226 170,200000 26,800000 26,800000 -20,200000
114 1686494404 -0,008226 170,200000 25,400000 25,400000 -20,200000
114 1686494405 -0,008226 170,200000 24,000000 24,000000 -20,200000
114 1686494406 -0,003505 171,200000 23,400000 23,400000 -20,200000
114 1686494407 -0,003505 171,200000 22,800000 22,800000 -20,200000
114 1686494408 -0,003505 171,200000 22,200000 22,200000 -20,200000
114 1686494409 -0,003505 171,200000 21,600000 21,600000 -20,200000
114 1686494410 -0,003505 171,200000 21,000000 21,000000 -20,200000
114 1686494411 0,006985 171,800000 22,200000 22,200000 -20,200000
114 1686494412 0,006985 171,800000 23,400000 23,400000 -20,200000
114 1686494413 0,006985 171,800000 24,600000 24,600000 -20,200000
114 1686494414 0,006985 171,800000 25,800000 25,800000 -20,200000
114 1686494415 0,006985 171,800000 27,000000 27,000000 -20,200000
114 1686494416 0,000000 172,800000 27,000000 27,000000 -20,200000
114 1686494417 0,000000 172,800000 27,000000 27,000000 -20,200000
114 1686494418 0,000000 172,800000 27,000000 27,000000 -20,200000
114 1686494419 0,000000 172,800000 27,000000 27,000000 -20,200000
114 1686494420 0,000000 172,800000 27,000000 27,000000 -20,200000
114 1686494421 -0,006920 173,400000 25,800000 25,800000 -20,200000
114 1686494422 -0,006920 173,400000 24,600000 24,600000 -20,200000
114 1686494423 -0,006920 173,400000 23,400000 23,400000 -20,200000
114 1686494424 -0,006920 173,400000 22,200000 22,200000 -20,200000
114 1686494425 -0,006920 173,400000 21,000000 21,000000 -20,200000
114 1686494426 -0,001148 174,200000 20,800000 20,800000 -20,200000
114 1686494427 -0,001148 174,200000 20,600000 20,600000 -20,200000
114 1686494428 -0,001148 174,200000 20,400000 20,400000 -20,200000
114 1686494429 -0,001148 174,200000 20,200000 20,200000 -20,200000
114 1686494430 -0,001148 174,200000 20,000000 20,000000 -20,200000
114 1686494431 0,003432 174,800000 20,600000 20,600000 -20,200000
114 1686494432 0,003432 174,800000 21,200000 21,200000 -20,200000
114 1686494433 0,003432 174,800000 21,800000 21,800000 -20,200000
114 1686494434 0,003432 174,800000 22,400000 22,400000 -20,200000
114 1686494435 0,003432 174,800000 23,000000 23,000000 -20,200000
114 1686494436 0,004566 175,200000 23,800000 23,800000 -20,200000
114 1686494437 0,004566 175,200000 24,600000 24,600000 -20,200000
114 1686494438 0,004566 175,200000 25,400000 25,400000 -20,200000
114 1686494439 0,004566 175,200000 26,200000 26,200000 -20,200000
114 1686494440 0,004566 175,200000 27,000000 27,000000 -20,200000
114 1686494441 0,001138 175,800000 27,200000 27,200000 -20,200000
114 1686494442 0,001138 175,800000 27,400000 27,400000 -20,200000
114 1686494443 0,001138 175,800000 27,600000 27,600000 -20,200000
114 1686494444 0,001138 175,800000 27,800000 27,800000 -20,200000
114 1686494445 0,001138 175,800000 28,000000 28,000000 -20,200000
114 1686494446 0,001131 176,800000 28,200000 28,200000 -20,200000
114 1686494447 0,001131 176,800000 28,400000 28,400000 -20,200000
114 1686494448 0,001131 176,800000 28,600000 28,600000 -20,200000
114 1686494449 0,001131 176,800000 28,800000 28,800000 -20,200000
114 1686494450 0,001131 176,800000 29,000000 29,000000 -20,200000
114 1686494451 -0,003367 178,200000 28,400000 28,400000 -20,200000
114 1686494452 -0,003367 178,200000 27,800000 27,800000 -20,200000
114 1686494453 -0,003367 178,200000 27,200000 27,200000 -20,200000
114 1686494454 -0,003367 178,200000 26,600000 26,600000 -20,200000
114 1686494455 -0,003367 178,200000 26,000000 26,000000 -20,200000
114 1686494456 0,002230 179,400000 26,400000 26,400000 -20,200000
114 1686494457 0,002230 179,400000 26,800000 26,800000 -20,200000
114 1686494458 0,002230 179,400000 27,200000 27,200000 -20,200000
114 1686494459 0,002230 179,400000 27,600000 27,600000 -20,200000
114 1686494460 0,002230 179,400000 28,000000 28,000000 -20,200000
114 1686494461 -0,003322 180,600000 27,400000 27,400000 -20,200000
114 1686494462 -0,003322 180,600000 26,800000 26,800000 -20,200000
114 1686494463 -0,003322 180,600000 26,200000 26,200000 -20,200000
114 1686494464 -0,003322 180,600000 25,600000 25,600000 -20,200000
114 1686494465 -0,003322 180,600000 25,000000 25,000000 -20,200000
114 1686494466 -0,003315 181,000000 24,400000 24,400000 -20,200000
114 1686494467 -0,003315 181,000000 23,800000 23,800000 -20,200000
114 1686494468 -0,003315 181,000000 23,200000 23,200000 -20,200000
114 1686494469 -0,003315 181,000000 22,600000 22,600000 -20,200000
114 1686494470 -0,003315 181,000000 22,000000 22,000000 -20,200000
114 1686494471 0,003293 182,200000 22,600000 22,600000 -20,200000
114 1686494472 0,003293 182,200000 23,200000 23,200000 -20,200000
114 1686494473 0,003293 182,200000 23,800000 23,800000 -20,200000
114 1686494474 0,003293 182,200000 24,400000 24,400000 -20,200000
114 1686494475 0,003293 182,200000 25,000000 25,000000 -20,200000
114 1686494476 0,004381 182,600000 25,800000 25,800000 -20,200000
114 1686494477 0,004381 182,600000 26,600000 26,600000 -20,200000
114 1686494478 0,004381 182,600000 27,400000 27,400000 -20,200000
114 1686494479 0,004381 182,600000 28,200000 28,200000 -20,200000
114 1686494480 0,004381 182,600000 29,000000 29,000000 -20,200000
114 1686494481 0,002179 183,600000 29,400000 29,400000 -20,200000
114 1686494482 0,002179 183,600000 29,800000 29,800000 -20,200000
114 1686494483 0,002179 183,600000 30,200000 30,200000 -20,200000
114 1686494484 0,002179 183,600000 30,600000 30,600000 -20,200000
114 1686494485 0,002179 183,600000 31,000000 31,000000 -20,200000
114 1686494486 -0,001081 185,000000 30,800000 30,800000 -20,200000
114 1686494487 -0,001081 185,000000 30,600000 30,600000 -20,200000
114 1686494488 -0,001081 185,000000 30,400000 30,400000 -20,200000
114 1686494489 -0,001081 185,000000 30,200000 30,200000 -20,200000
114 1686494490 -0,001081 185,000000 30,000000 30,000000 -20,200000
114 1686494491 -0,004306 185,800000 29,200000 29,200000 -20,200000
114 1686494492 -0,004306 185,800000 28,400000 28,400000 -20,200000
114 1686494493 -0,004306 185,800000 27,600000 27,600000 -20,200000
114 1686494494 -0,004306 185,800000 26,800000 26,800000 -20,200000
114 1686494495 -0,004306 185,800000 26,000000 26,000000 -20,200000
114 1686494496 -0,001065 187,800000 25,800000 25,800000 -20,200000
114 1686494497 -0,001065 187,800000 25,600000 25,600000 -20,200000
114 1686494498 -0,001065 187,800000 25,400000 25,400000 -20,200000
114 1686494499 -0,001065 187,800000 25,200000 25,200000 -20,200000
114 1686494500 -0,001065 187,800000 25,000000 25,000000 -20,200000
114 1686494501 -0,001063 188,200000 24,800000 24,800000 -20,200000
114 1686494502 -0,001063 188,200000 24,600000 24,600000 -20,200000
114 1686494503 -0,001063 188,200000 24,400000 24,400000 -20,200000
114 1686494504 -0,001063 188,200000 24,200000 24,200000 -20,200000
114 1686494505 -0,001063 188,200000 24,000000 24,000000 -20,200000
114 1686494506 -0,002123 188,400000 23,600000 23,600000 -20,200000
114 1686494507 -0,002123 188,400000 23,200000 23,200000 -20,200000
114 1686494508 -0,002123 188,400000 22,800000 22,800000 -20,200000
114 1686494509 -0,002123 188,400000 22,400000 22,400000 -20,200000
114 1686494510 -0,002123 188,400000 22,000000 22,000000 -20,200000
114 1686494511 0,001056 189,400000 22,200000 22,200000 -20,200000
114 1686494512 0,001056 189,400000 22,400000 22,400000 -20,200000
114 1686494513 0,001056 189,400000 22,600000 22,600000 -20,200000
114 1686494514 0,001056 189,400000 22,800000 22,800000 -20,200000
114 1686494515 0,001056 189,400000 23,000000 23,000000 -20,200000
114 1686494516 0,004215 189,800000 23,800000 23,800000 -20,200000
114 1686494517 0,004215 189,800000 24,600000 24,600000 -20,200000
114 1686494518 0,004215 189,800000 25,400000 25,400000 -20,200000
114 1686494519 0,004215 189,800000 26,200000 26,200000 -20,200000
114 1686494520 0,004215 189,800000 27,000000 27,000000 -20,200000
114 1686494521 -0,003155 190,200000 26,400000 26,400000 -20,200000
114 1686494522 -0,003155 190,200000 25,800000 25,800000 -20,200000
114 1686494523 -0,003155 190,200000 25,200000 25,200000 -20,200000
114 1686494524 -0,003155 190,200000 24,600000 24,600000 -20,200000
114 1686494525 -0,003155 190,200000 24,000000 24,000000 -20,200000
114 1686494526 -0,004193 190,800000 23,200000 23,200000 -20,200000
114 1686494527 -0,004193 190,800000 22,400000 22,400000 -20,200000
114 1686494528 -0,004193 190,800000 21,600000 21,600000 -20,200000
114 1686494529 -0,004193 190,800000 20,800000 20,800000 -20,200000
114 1686494530 -0,004193 190,800000 20,000000 20,000000 -20,200000
114 1686494531 0,005219 191,600000 21,000000 21,000000 -20,200000
114 1686494532 0,005219 191,600000 22,000000 22,000000 -20,200000
114 1686494533 0,005219 191,600000 23,000000 23,000000 -20,200000
114 1686494534 0,005219 191,600000 24,000000 24,000000 -20,200000
114 1686494535 0,005219 191,600000 25,000000 25,000000 -20,200000
114 1686494536 0,002079 192,400000 25,400000 25,400000 -20,200000
114 1686494537 0,002079 192,400000 25,800000 25,800000 -20,200000
114 1686494538 0,002079 192,400000 26,200000 26,200000 -20,200000
114 1686494539 0,002079 192,400000 26,600000 26,600000 -20,200000
114 1686494540 0,002079 192,400000 27,000000 27,000000 -20,200000
114 1686494541 -0,005187 192,800000 26,000000 26,000000 -20,200000
114 1686494542 -0,005187 192,800000 25,000000 25,000000 -20,200000
114 1686494543 -0,005187 192,800000 24,000000 24,000000 -20,200000
114 1686494544 -0,005187 192,800000 23,000000 23,000000 -20,200000
114 1686494545 -0,005187 192,800000 22,000000 22,000000 -20,200000
114 1686494546 -0,002070 193,200000 21,600000 21,600000 -20,200000
114 1686494547 -0,002070 193,200000 21,200000 21,200000 -20,200000
114 1686494548 -0,002070 193,200000 20,800000 20,800000 -20,200000
114 1686494549 -0,002070 193,200000 20,400000 20,400000 -20,200000
114 1686494550 -0,002070 193,200000 20,000000 20,000000 -20,200000
114 1686494551 0,005155 194,000000 21,000000 21,000000 -20,200000
114 1686494552 0,005155 194,000000 22,000000 22,000000 -20,200000
114 1686494553 0,005155 194,000000 23,000000 23,000000 -20,200000
114 1686494554 0,005155 194,000000 24,000000 24,000000 -20,200000
114 1686494555 0,005155 194,000000 25,000000 25,000000 -20,200000
