414 1686495531 0,400000 -1,000000 -101,000000 0,000000 0,000000
414 1686495532 0,400000 -1,000000 -101,000000 0,000000 0,000000
414 1686495533 0,400000 -1,000000 -101,000000 0,000000 0,000000
414 1686495534 0,400000 -1,000000 -101,000000 0,000000 0,000000
414 1686495535 0,400000 -1,000000 -101,000000 0,000000 0,000000
414 1686495556 0,200000 -1,000000 -101,000000 0,000000 0,000000
414 1686495557 0,200000 -1,000000 -101,000000 0,000000 0,000000
414 1686495558 0,200000 -1,000000 -101,000000 0,000000 0,000000
414 1686495559 0,200000 -1,000000 -101,000000 0,000000 0,000000
414 1686495560 0,200000 -1,000000 -101,000000 0,000000 0,000000
414 1686495571 0,200000 -1,000000 -101,000000 0,000000 0,000000
414 1686495572 0,200000 -1,000000 -101,000000 0,000000 0,000000
414 1686495573 0,200000 -1,000000 -101,000000 0,000000 0,000000
414 1686495574 0,200000 -1,000000 -101,000000 0,000000 0,000000
414 1686495575 0,200000 -1,000000 -101,000000 0,000000 0,000000
414 1686495616 0,200000 -1,000000 -101,000000 0,000000 0,000000
414 1686495617 0,200000 -1,000000 -101,000000 0,000000 0,000000
414 1686495618 0,200000 -1,000000 -101,000000 0,000000 0,000000
414 1686495619 0,200000 -1,000000 -101,000000 0,000000 0,000000
414 1686495620 0,200000 -1,000000 -101,000000 0,000000 0,000000
414 1686495691 0,200000 -1,000000 -101,000000 0,000000 0,000000
414 1686495692 0,200000 -1,000000 -101,000000 0,000000 0,000000
414 1686495693 0,200000 -1,000000 -101,000000 0,000000 0,000000
414 1686495694 0,200000 -1,000000 -101,000000 0,000000 0,000000
414 1686495695 0,200000 -1,000000 -101,000000 0,000000 0,000000
414 1686495736 0,200000 -1,000000 -101,000000 0,000000 0,000000
414 1686495737 0,200000 -1,000000 -101,000000 0,000000 0,000000
414 1686495738 0,200000 -1,000000 -101,000000 0,000000 0,000000
414 1686495739 0,200000 -1,000000 -101,000000 0,000000 0,000000
414 1686495740 0,200000 -1,000000 -101,000000 0,000000 0,000000
414 1686495776 0,200000 -1,000000 -101,000000 0,000000 0,000000
414 1686495777 0,200000 -1,000000 -101,000000 0,000000 0,000000
414 1686495778 0,200000 -1,000000 -101,000000 0,000000 0,000000
414 1686495779 0,200000 -1,000000 -101,000000 0,000000 0,000000
414 1686495780 0,200000 -1,000000 -101,000000 0,000000 0,000000
414 1686495816 0,200000 -1,000000 -101,000000 0,000000 0,000000
414 1686495817 0,200000 -1,000000 -101,000000 0,000000 0,000000
414 1686495818 0,200000 -1,000000 -101,000000 0,000000 0,000000
414 1686495819 0,200000 -1,000000 -101,000000 0,000000 0,000000
414 1686495820 0,200000 -1,000000 -101,000000 0,000000 0,000000
414 1686495896 0,200000 -1,000000 -101,000000 0,000000 0,000000
414 1686495897 0,200000 -1,000000 -101,000000 0,000000 0,000000
414 1686495898 0,200000 -1,000000 -101,000000 0,000000 0,000000
414 1686495899 0,200000 -1,000000 -101,000000 0,000000 0,000000
414 1686495900 0,200000 -1,000000 -101,000000 0,000000 0,000000
414 1686495931 0,200000 -1,000000 -101,000000 0,000000 0,000000
414 1686495932 0,200000 -1,000000 -101,000000 0,000000 0,000000
414 1686495933 0,200000 -1,000000 -101,000000 0,000000 0,000000
414 1686495934 0,200000 -1,000000 -101,000000 0,000000 0,000000
414 1686495935 0,200000 -1,000000 -101,000000 0,000000 0,000000
414 1686495936 0,200000 -1,000000 -101,000000 0,000000 0,000000
414 1686495937 0,200000 -1,000000 -101,000000 0,000000 0,000000
414 1686495938 0,200000 -1,000000 -101,000000 0,000000 0,000000
414 1686495939 0,200000 -1,000000 -101,000000 0,000000 0,000000
414 1686495940 0,200000 -1,000000 -101,000000 0,000000 0,000000
414 1686495971 0,200000 -1,000000 -101,000000 0,000000 0,000000
414 1686495972 0,200000 -1,000000 -101,000000 0,000000 0,000000
414 1686495973 0,200000 -1,000000 -101,000000 0,000000 0,000000
414 1686495974 0,200000 -1,000000 -101,000000 0,000000 0,000000
414 1686495975 0,200000 -1,000000 -101,000000 0,000000 0,000000
414 1686495976 0,200000 -1,000000 -101,000000 0,000000 0,000000
414 1686495977 0,200000 -1,000000 -101,000000 0,000000 0,000000
414 1686495978 0,200000 -1,000000 -101,000000 0,000000 0,000000
414 1686495979 0,200000 -1,000000 -101,000000 0,000000 0,000000
414 1686495980 0,200000 -1,000000 -101,000000 0,000000 0,000000
414 1686495996 0,200000 -1,000000 -101,000000 0,000000 0,000000
414 1686495997 0,200000 -1,000000 -101,000000 0,000000 0,000000
414 1686495998 0,200000 -1,000000 -101,000000 0,000000 0,000000
414 1686495999 0,200000 -1,000000 -101,000000 0,000000 0,000000
414 1686496000 0,200000 -1,000000 -101,000000 0,000000 0,000000
414 1686496016 0,200000 -1,000000 -101,000000 0,000000 0,000000
414 1686496017 0,200000 -1,000000 -101,000000 0,000000 0,000000
414 1686496018 0,200000 -1,000000 -101,000000 0,000000 0,000000
414 1686496019 0,200000 -1,000000 -101,000000 0,000000 0,000000
414 1686496020 0,200000 -1,000000 -101,000000 0,000000 0,000000
414 1686496056 0,200000 -1,000000 -101,000000 0,000000 0,000000
414 1686496057 0,200000 -1,000000 -101,000000 0,000000 0,000000
414 1686496058 0,200000 -1,000000 -101,000000 0,000000 0,000000
414 1686496120 0,200000 -1,000000 0,200000 0,200000 0,016000
414 1686496119 0,200000 -1,000000 0,200000 0,200000 0,016000
414 1686496118 0,200000 -1,000000 0,200000 0,200000 0,016000
414 1686496117 0,200000 -1,000000 0,200000 0,200000 0,016000
414 1686496116 0,200000 -1,000000 0,200000 0,200000 0,016000
414 1686496100 0,200000 -1,000000 0,200000 0,200000 0,016000
414 1686496099 0,200000 -1,000000 0,200000 0,200000 0,016000
414 1686496098 0,200000 -1,000000 0,200000 0,200000 0,016000
414 1686496097 0,200000 -1,000000 0,200000 0,200000 0,016000
414 1686496096 0,200000 -1,000000 0,200000 0,200000 0,016000
414 1686496060 0,200000 -1,000000 0,200000 0,200000 0,016000
414 1686496059 0,200000 -1,000000 0,200000 0,200000 0,016000
414 1686496059 0,200000 -1,000000 -101,000000 0,000000 0,000000
414 1686496060 0,200000 -1,000000 -101,000000 0,000000 0,000000
414 1686496096 0,200000 -1,000000 -101,000000 0,000000 0,000000
414 1686496097 0,200000 -1,000000 -101,000000 0,000000 0,000000
414 1686496098 0,200000 -1,000000 -101,000000 0,000000 0,000000
414 1686496099 0,200000 -1,000000 -101,000000 0,000000 0,000000
414 1686496100 0,200000 -1,000000 -101,000000 0,000000 0,000000
414 1686496116 0,200000 -1,000000 -101,000000 0,000000 0,000000
414 1686496117 0,200000 -1,000000 -101,000000 0,000000 0,000000
414 1686496118 0,200000 -1,000000 -101,000000 0,000000 0,000000
414 1686496119 0,200000 -1,000000 -101,000000 0,000000 0,000000
414 1686496120 0,200000 -1,000000 -101,000000 0,000000 0,000000
414 1686496131 0,200000 -1,000000 -101,000000 0,000000 0,000000
414 1686496132 0,200000 -1,000000 -101,000000 0,000000 0,000000
414 1686496133 0,200000 -1,000000 -101,000000 0,000000 0,000000
414 1686496134 0,200000 -1,000000 -101,000000 0,000000 0,000000
414 1686496135 0,200000 -1,000000 -101,000000 0,000000 0,000000
414 1686496136 0,200000 -1,000000 -101,000000 0,000000 0,000000
414 1686496137 0,200000 -1,000000 -101,000000 0,000000 0,000000
414 1686496138 0,200000 -1,000000 -101,000000 0,000000 0,000000
414 1686496139 0,200000 -1,000000 -101,000000 0,000000 0,000000
414 1686496140 0,200000 -1,000000 -101,000000 0,000000 0,000000
414 1686496171 0,200000 -1,000000 -101,000000 0,000000 0,000000
414 1686496172 0,200000 -1,000000 -101,000000 0,000000 0,000000
414 1686496173 0,200000 -1,000000 -101,000000 0,000000 0,000000
414 1686496174 0,200000 -1,000000 -101,000000 0,000000 0,000000
414 1686496175 0,200000 -1,000000 -101,000000 0,000000 0,000000
414 1686496216 0,200000 -1,000000 -101,000000 0,000000 0,000000
414 1686496217 0,200000 -1,000000 -101,000000 0,000000 0,000000
414 1686496218 0,200000 -1,000000 -101,000000 0,000000 0,000000
414 1686496219 0,200000 -1,000000 -101,000000 0,000000 0,000000
414 1686496220 0,200000 -1,000000 -101,000000 0,000000 0,000000
414 1686496256 0,200000 -1,000000 -101,000000 0,000000 0,000000
414 1686496257 0,200000 -1,000000 -101,000000 0,000000 0,000000
414 1686496258 0,200000 -1,000000 -101,000000 0,000000 0,000000
414 1686496259 0,200000 -1,000000 -101,000000 0,000000 0,000000
414 1686496260 0,200000 -1,000000 -101,000000 0,000000 0,000000
414 1686496291 0,200000 -1,000000 -101,000000 0,000000 0,000000
414 1686496292 0,200000 -1,000000 -101,000000 0,000000 0,000000
414 1686496293 0,200000 -1,000000 -101,000000 0,000000 0,000000
414 1686496294 0,200000 -1,000000 -101,000000 0,000000 0,000000
414 1686496295 0,200000 -1,000000 -101,000000 0,000000 0,000000
414 1686496296 0,200000 -1,000000 -101,000000 0,000000 0,000000
414 1686496297 0,200000 -1,000000 -101,000000 0,000000 0,000000
414 1686496298 0,200000 -1,000000 -101,000000 0,000000 0,000000
414 1686496299 0,200000 -1,000000 -101,000000 0,000000 0,000000
414 1686496300 0,200000 -1,000000 -101,000000 0,000000 0,000000
414 1686496306 0,200000 -1,000000 -101,000000 0,000000 0,000000
414 1686496307 0,200000 -1,000000 -101,000000 0,000000 0,000000
414 1686496308 0,200000 -1,000000 -101,000000 0,000000 0,000000
414 1686496309 0,200000 -1,000000 -101,000000 0,000000 0,000000
414 1686496310 0,200000 -1,000000 -101,000000 0,000000 0,000000
414 1686496331 0,200000 -1,000000 -101,000000 0,000000 0,000000
414 1686496332 0,200000 -1,000000 -101,000000 0,000000 0,000000
414 1686496333 0,200000 -1,000000 -101,000000 0,000000 0,000000
414 1686496334 0,200000 -1,000000 -101,000000 0,000000 0,000000
414 1686496335 0,200000 -1,000000 -101,000000 0,000000 0,000000
414 1686496336 0,400000 -1,000000 -101,000000 0,000000 0,000000
414 1686496337 0,400000 -1,000000 -101,000000 0,000000 0,000000
414 1686496338 0,400000 -1,000000 -101,000000 0,000000 0,000000
414 1686496339 0,400000 -1,000000 -101,000000 0,000000 0,000000
414 1686496340 0,400000 -1,000000 -101,000000 0,000000 0,000000
414 1686496371 0,200000 -1,000000 -101,000000 0,000000 0,000000
414 1686496372 0,200000 -1,000000 -101,000000 0,000000 0,000000
414 1686496373 0,200000 -1,000000 -101,000000 0,000000 0,000000
414 1686496374 0,200000 -1,000000 -101,000000 0,000000 0,000000
414 1686496375 0,200000 -1,000000 -101,000000 0,000000 0,000000
414 1686496376 0,200000 -1,000000 -101,000000 0,000000 0,000000
414 1686496377 0,200000 -1,000000 -101,000000 0,000000 0,000000
414 1686496378 0,200000 -1,000000 -101,000000 0,000000 0,000000
414 1686496379 0,200000 -1,000000 -101,000000 0,000000 0,000000
414 1686496380 0,200000 -1,000000 -101,000000 0,000000 0,000000
414 1686496416 0,200000 -1,000000 -101,000000 0,000000 0,000000
414 1686496417 0,200000 -1,000000 -101,000000 0,000000 0,000000
414 1686496418 0,200000 -1,000000 -101,000000 0,000000 0,000000
414 1686496419 0,200000 -1,000000 -101,000000 0,000000 0,000000
414 1686496420 0,200000 -1,000000 -101,000000 0,000000 0,000000
414 1686496451 0,200000 -1,000000 -101,000000 0,000000 0,000000
414 1686496452 0,200000 -1,000000 -101,000000 0,000000 0,000000
414 1686496453 0,200000 -1,000000 -101,000000 0,000000 0,000000
414 1686496454 0,200000 -1,000000 -101,000000 0,000000 0,000000
414 1686496455 0,200000 -1,000000 -101,000000 0,000000 0,000000
414 1686496481 0,200000 -1,000000 -101,000000 0,000000 0,000000
414 1686496482 0,200000 -1,000000 -101,000000 0,000000 0,000000
414 1686496483 0,200000 -1,000000 -101,000000 0,000000 0,000000
414 1686496484 0,200000 -1,000000 -101,000000 0,000000 0,000000
414 1686496485 0,200000 -1,000000 -101,000000 0,000000 0,000000
414 1686496491 0,200000 -1,000000 -101,000000 0,000000 0,000000
414 1686496492 0,200000 -1,000000 -101,000000 0,000000 0,000000
414 1686496493 0,200000 -1,000000 -101,000000 0,000000 0,000000
414 1686496494 0,200000 -1,000000 -101,000000 0,000000 0,000000
414 1686496495 0,200000 -1,000000 -101,000000 0,000000 0,000000
414 1686496531 0,200000 -1,000000 -101,000000 0,000000 0,000000
414 1686496532 0,200000 -1,000000 -101,000000 0,000000 0,000000
414 1686496533 0,200000 -1,000000 -101,000000 0,000000 0,000000
414 1686496534 0,200000 -1,000000 -101,000000 0,000000 0,000000
414 1686496535 0,200000 -1,000000 -101,000000 0,000000 0,000000
414 1686496536 0,200000 -1,000000 -101,000000 0,000000 0,000000
414 1686496537 0,200000 -1,000000 -101,000000 0,000000 0,000000
414 1686496538 0,200000 -1,000000 -101,000000 0,000000 0,000000
414 1686496539 0,200000 -1,000000 -101,000000 0,000000 0,000000
414 1686496540 0,200000 -1,000000 -101,000000 0,000000 0,000000
414 1686496576 0,200000 -1,000000 -101,000000 0,000000 0,000000
414 1686496577 0,200000 -1,000000 -101,000000 0,000000 0,000000
414 1686496578 0,200000 -1,000000 -101,000000 0,000000 0,000000
414 1686496579 0,200000 -1,000000 -101,000000 0,000000 0,000000
414 1686496580 0,200000 -1,000000 -101,000000 0,000000 0,000000
414 1686496596 0,200000 -1,000000 -101,000000 0,000000 0,000000
414 1686496597 0,200000 -1,000000 -101,000000 0,000000 0,000000
414 1686496598 0,200000 -1,000000 -101,000000 0,000000 0,000000
414 1686496599 0,200000 -1,000000 -101,000000 0,000000 0,000000
414 1686496600 0,200000 -1,000000 -101,000000 0,000000 0,000000
414 1686496611 0,200000 -1,000000 -101,000000 0,000000 0,000000
414 1686496612 0,200000 -1,000000 -101,000000 0,000000 0,000000
414 1686496613 0,200000 -1,000000 -101,000000 0,000000 0,000000
414 1686496614 0,200000 -1,000000 -101,000000 0,000000 0,000000
414 1686496615 0,200000 -1,000000 -101,000000 0,000000 0,000000
414 1686496616 0,200000 -1,000000 -101,000000 0,000000 0,000000
414 1686496617 0,200000 -1,000000 -101,000000 0,000000 0,000000
414 1686496618 0,200000 -1,000000 -101,000000 0,000000 0,000000
414 1686496619 0,200000 -1,000000 -101,000000 0,000000 0,000000
414 1686496620 0,200000 -1,000000 -101,000000 0,000000 0,000000
414 1686496651 0,200000 -1,000000 -101,000000 0,000000 0,000000
414 1686496652 0,200000 -1,000000 -101,000000 0,000000 0,000000
414 1686496653 0,200000 -1,000000 -101,000000 0,000000 0,000000
414 1686496654 0,200000 -1,000000 -101,000000 0,000000 0,000000
414 1686496655 0,200000 -1,000000 -101,000000 0,000000 0,000000
414 1686496691 0,200000 -1,000000 -101,000000 0,000000 0,000000
414 1686496692 0,200000 -1,000000 -101,000000 0,000000 0,000000
414 1686496693 0,200000 -1,000000 -101,000000 0,000000 0,000000
414 1686496694 0,200000 -1,000000 -101,000000 0,000000 0,000000
414 1686496695 0,200000 -1,000000 -101,000000 0,000000 0,000000
414 1686496731 0,200000 -1,000000 -101,000000 0,000000 0,000000
414 1686496732 0,200000 -1,000000 -101,000000 0,000000 0,000000
414 1686496733 0,200000 -1,000000 -101,000000 0,000000 0,000000
414 1686496734 0,200000 -1,000000 -101,000000 0,000000 0,000000
414 1686496735 0,200000 -1,000000 -101,000000 0,000000 0,000000
414 1686496736 0,400000 -1,000000 -101,000000 0,000000 0,000000
414 1686496737 0,400000 -1,000000 -101,000000 0,000000 0,000000
414 1686496738 0,400000 -1,000000 -101,000000 0,000000 0,000000
414 1686496739 0,400000 -1,000000 -101,000000 0,000000 0,000000
414 1686496740 0,400000 -1,000000 -101,000000 0,000000 0,000000
414 1686496756 0,200000 -1,000000 -101,000000 0,000000 0,000000
414 1686496757 0,200000 -1,000000 -101,000000 0,000000 0,000000
414 1686496758 0,200000 -1,000000 -101,000000 0,000000 0,000000
414 1686496759 0,200000 -1,000000 -101,000000 0,000000 0,000000
414 1686496760 0,200000 -1,000000 -101,000000 0,000000 0,000000
414 1686496771 0,200000 -1,000000 -101,000000 0,000000 0,000000
414 1686496772 0,200000 -1,000000 -101,000000 0,000000 0,000000
414 1686496773 0,200000 -1,000000 -101,000000 0,000000 0,000000
414 1686496774 0,200000 -1,000000 -101,000000 0,000000 0,000000
414 1686496775 0,200000 -1,000000 -101,000000 0,000000 0,000000
414 1686496811 0,200000 -1,000000 -101,000000 0,000000 0,000000
414 1686496812 0,200000 -1,000000 -101,000000 0,000000 0,000000
414 1686496813 0,200000 -1,000000 -101,000000 0,000000 0,000000
414 1686496814 0,200000 -1,000000 -101,000000 0,000000 0,000000
414 1686496815 0,200000 -1,000000 -101,000000 0,000000 0,000000
414 1686496851 0,200000 -1,000000 -101,000000 0,000000 0,000000
414 1686496852 0,200000 -1,000000 -101,000000 0,000000 0,000000
414 1686496853 0,200000 -1,000000 -101,000000 0,000000 0,000000
414 1686496854 0,200000 -1,000000 -101,000000 0,000000 0,000000
414 1686496855 0,200000 -1,000000 -101,000000 0,000000 0,000000
414 1686496856 0,200000 -1,000000 -101,000000 0,000000 0,000000
414 1686496857 0,200000 -1,000000 -101,000000 0,000000 0,000000
414 1686496858 0,200000 -1,000000 -101,000000 0,000000 0,000000
414 1686496859 0,200000 -1,000000 -101,000000 0,000000 0,000000
414 1686496860 0,200000 -1,000000 -101,000000 0,000000 0,000000
414 1686496871 0,200000 -1,000000 -101,000000 0,000000 0,000000
414 1686496872 0,200000 -1,000000 -101,000000 0,000000 0,000000
414 1686496873 0,200000 -1,000000 -101,000000 0,000000 0,000000
414 1686496874 0,200000 -1,000000 -101,000000 0,000000 0,000000
414 1686496875 0,200000 -1,000000 -101,000000 0,000000 0,000000
414 1686496891 0,200000 -1,000000 -101,000000 0,000000 0,000000
414 1686496892 0,200000 -1,000000 -101,000000 0,000000 0,000000
414 1686496893 0,200000 -1,000000 -101,000000 0,000000 0,000000
414 1686496894 0,200000 -1,000000 -101,000000 0,000000 0,000000
414 1686496895 0,200000 -1,000000 -101,000000 0,000000 0,000000
414 1686496896 0,200000 -1,000000 -101,000000 0,000000 0,000000
414 1686496897 0,200000 -1,000000 -101,000000 0,000000 0,000000
414 1686496898 0,200000 -1,000000 -101,000000 0,000000 0,000000
414 1686496899 0,200000 -1,000000 -101,000000 0,000000 0,000000
414 1686496900 0,200000 -1,000000 -101,000000 0,000000 0,000000
414 1686496936 0,200000 -1,000000 -101,000000 0,000000 0,000000
414 1686496937 0,200000 -1,000000 -101,000000 0,000000 0,000000
414 1686496938 0,200000 -1,000000 -101,000000 0,000000 0,000000
414 1686496939 0,200000 -1,000000 -101,000000 0,000000 0,000000
414 1686496940 0,200000 -1,000000 -101,000000 0,000000 0,000000
414 1686496971 0,200000 -1,000000 -101,000000 0,000000 0,000000
414 1686496972 0,200000 -1,000000 -101,000000 0,000000 0,000000
414 1686496973 0,200000 -1,000000 -101,000000 0,000000 0,000000
414 1686496974 0,200000 -1,000000 -101,000000 0,000000 0,000000
414 1686496975 0,200000 -1,000000 -101,000000 0,000000 0,000000
414 1686496976 0,200000 -1,000000 -101,000000 0,000000 0,000000
414 1686496977 0,200000 -1,000000 -101,000000 0,000000 0,000000
414 1686496978 0,200000 -1,000000 -101,000000 0,000000 0,000000
414 1686496979 0,200000 -1,000000 -101,000000 0,000000 0,000000
414 1686496980 0,200000 -1,000000 -101,000000 0,000000 0,000000
414 1686497011 0,200000 -1,000000 -101,000000 0,000000 0,000000
414 1686497012 0,200000 -1,000000 -101,000000 0,000000 0,000000
414 1686497013 0,200000 -1,000000 -101,000000 0,000000 0,000000
414 1686497014 0,200000 -1,000000 -101,000000 0,000000 0,000000
414 1686497015 0,200000 -1,000000 -101,000000 0,000000 0,000000
414 1686497016 0,200000 -1,000000 -101,000000 0,000000 0,000000
414 1686497017 0,200000 -1,000000 -101,000000 0,000000 0,000000
414 1686497018 0,200000 -1,000000 -101,000000 0,000000 0,000000
414 1686497019 0,200000 -1,000000 -101,000000 0,000000 0,000000
414 1686497020 0,200000 -1,000000 -101,000000 0,000000 0,000000
414 1686497051 0,200000 -1,000000 -101,000000 0,000000 0,000000
414 1686497052 0,200000 -1,000000 -101,000000 0,000000 0,000000
414 1686497053 0,200000 -1,000000 -101,000000 0,000000 0,000000
414 1686497054 0,200000 -1,000000 -101,000000 0,000000 0,000000
414 1686497055 0,200000 -1,000000 -101,000000 0,000000 0,000000
414 1686497091 0,200000 -1,000000 -101,000000 0,000000 0,000000
414 1686497092 0,200000 -1,000000 -101,000000 0,000000 0,000000
414 1686497093 0,200000 -1,000000 -101,000000 0,000000 0,000000
414 1686497094 0,200000 -1,000000 -101,000000 0,000000 0,000000
414 1686497095 0,200000 -1,000000 -101,000000 0,000000 0,000000
414 1686497131 0,200000 -1,000000 -101,000000 0,000000 0,000000
414 1686497132 0,200000 -1,000000 -101,000000 0,000000 0,000000
414 1686497133 0,200000 -1,000000 -101,000000 0,000000 0,000000
414 1686497134 0,200000 -1,000000 -101,000000 0,000000 0,000000
414 1686497135 0,200000 -1,000000 -101,000000 0,000000 0,000000
414 1686497136 0,400000 -1,000000 -101,000000 0,000000 0,000000
414 1686497137 0,400000 -1,000000 -101,000000 0,000000 0,000000
414 1686497138 0,400000 -1,000000 -101,000000 0,000000 0,000000
414 1686497139 0,400000 -1,000000 -101,000000 0,000000 0,000000
414 1686497140 0,400000 -1,000000 -101,000000 0,000000 0,000000
414 1686497171 0,200000 -1,000000 -101,000000 0,000000 0,000000
414 1686497172 0,200000 -1,000000 -101,000000 0,000000 0,000000
414 1686497173 0,200000 -1,000000 -101,000000 0,000000 0,000000
414 1686497174 0,200000 -1,000000 -101,000000 0,000000 0,000000
414 1686497175 0,200000 -1,000000 -101,000000 0,000000 0,000000
414 1686497176 0,200000 -1,000000 -101,000000 0,000000 0,000000
414 1686497177 0,200000 -1,000000 -101,000000 0,000000 0,000000
414 1686497178 0,200000 -1,000000 -101,000000 0,000000 0,000000
414 1686497179 0,200000 -1,000000 -101,000000 0,000000 0,000000
414 1686497180 0,200000 -1,000000 -101,000000 0,000000 0,000000
414 1686497216 0,200000 -1,000000 -101,000000 0,000000 0,000000
414 1686497217 0,200000 -1,000000 -101,000000 0,000000 0,000000
414 1686497218 0,200000 -1,000000 -101,000000 0,000000 0,000000
414 1686497219 0,200000 -1,000000 -101,000000 0,000000 0,000000
414 1686497220 0,200000 -1,000000 -101,000000 0,000000 0,000000
414 1686497241 0,200000 -1,000000 -101,000000 0,000000 0,000000
414 1686497242 0,200000 -1,000000 -101,000000 0,000000 0,000000
414 1686497243 0,200000 -1,000000 -101,000000 0,000000 0,000000
414 1686497244 0,200000 -1,000000 -101,000000 0,000000 0,000000
414 1686497245 0,200000 -1,000000 -101,000000 0,000000 0,000000
414 1686497251 0,400000 -1,000000 -101,000000 0,000000 0,000000
414 1686497252 0,400000 -1,000000 -101,000000 0,000000 0,000000
414 1686497253 0,400000 -1,000000 -101,000000 0,000000 0,000000
414 1686497254 0,400000 -1,000000 -101,000000 0,000000 0,000000
414 1686497255 0,400000 -1,000000 -101,000000 0,000000 0,000000
414 1686497256 0,200000 -1,000000 -101,000000 0,000000 0,000000
414 1686497257 0,200000 -1,000000 -101,000000 0,000000 0,000000
414 1686497258 0,200000 -1,000000 -101,000000 0,000000 0,000000
414 1686497259 0,200000 -1,000000 -101,000000 0,000000 0,000000
414 1686497260 0,200000 -1,000000 -101,000000 0,000000 0,000000
414 1686497291 0,200000 -1,000000 -101,000000 0,000000 0,000000
414 1686497292 0,200000 -1,000000 -101,000000 0,000000 0,000000
414 1686497293 0,200000 -1,000000 -101,000000 0,000000 0,000000
414 1686497294 0,200000 -1,000000 -101,000000 0,000000 0,000000
414 1686497295 0,200000 -1,000000 -101,000000 0,000000 0,000000
414 1686497296 0,200000 -1,000000 -101,000000 0,000000 0,000000
414 1686497297 0,200000 -1,000000 -101,000000 0,000000 0,000000
414 1686497298 0,200000 -1,000000 -101,000000 0,000000 0,000000
414 1686497299 0,200000 -1,000000 -101,000000 0,000000 0,000000
414 1686497300 0,200000 -1,000000 -101,000000 0,000000 0,000000
414 1686497306 0,200000 -1,000000 -101,000000 0,000000 0,000000
414 1686497307 0,200000 -1,000000 -101,000000 0,000000 0,000000
414 1686497308 0,200000 -1,000000 -101,000000 0,000000 0,000000
414 1686497309 0,200000 -1,000000 -101,000000 0,000000 0,000000
414 1686497310 0,200000 -1,000000 -101,000000 0,000000 0,000000
414 1686497311 0,200000 -1,000000 -101,000000 0,000000 0,000000
414 1686497312 0,200000 -1,000000 -101,000000 0,000000 0,000000
414 1686497313 0,200000 -1,000000 -101,000000 0,000000 0,000000
414 1686497314 0,200000 -1,000000 -101,000000 0,000000 0,000000
414 1686497315 0,200000 -1,000000 -101,000000 0,000000 0,000000
414 1686497321 0,200000 -1,000000 -101,000000 0,000000 0,000000
414 1686497322 0,200000 -1,000000 -101,000000 0,000000 0,000000
414 1686497323 0,200000 -1,000000 -101,000000 0,000000 0,000000
414 1686497324 0,200000 -1,000000 -101,000000 0,000000 0,000000
414 1686497325 0,200000 -1,000000 -101,000000 0,000000 0,000000
414 1686497336 0,200000 -1,000000 -101,000000 0,000000 0,000000
414 1686497337 0,200000 -1,000000 -101,000000 0,000000 0,000000
414 1686497338 0,200000 -1,000000 -101,000000 0,000000 0,000000
414 1686497339 0,200000 -1,000000 -101,000000 0,000000 0,000000
414 1686497340 0,200000 -1,000000 -101,000000 0,000000 0,000000
414 1686497371 0,200000 -1,000000 -101,000000 0,000000 0,000000
414 1686497372 0,200000 -1,000000 -101,000000 0,000000 0,000000
414 1686497373 0,200000 -1,000000 -101,000000 0,000000 0,000000
414 1686497374 0,200000 -1,000000 -101,000000 0,000000 0,000000
414 1686497375 0,200000 -1,000000 -101,000000 0,000000 0,000000
414 1686497411 0,200000 -1,000000 -101,000000 0,000000 0,000000
414 1686497412 0,200000 -1,000000 -101,000000 0,000000 0,000000
414 1686497413 0,200000 -1,000000 -101,000000 0,000000 0,000000
414 1686497414 0,200000 -1,000000 -101,000000 0,000000 0,000000
414 1686497415 0,200000 -1,000000 -101,000000 0,000000 0,000000
414 1686497451 0,200000 -1,000000 -101,000000 0,000000 0,000000
414 1686497452 0,200000 -1,000000 -101,000000 0,000000 0,000000
414 1686497453 0,200000 -1,000000 -101,000000 0,000000 0,000000
414 1686497454 0,200000 -1,000000 -101,000000 0,000000 0,000000
414 1686497455 0,200000 -1,000000 -101,000000 0,000000 0,000000
414 1686497466 0,200000 -1,000000 -101,000000 0,000000 0,000000
414 1686497467 0,200000 -1,000000 -101,000000 0,000000 0,000000
414 1686497468 0,200000 -1,000000 -101,000000 0,000000 0,000000
414 1686497469 0,200000 -1,000000 -101,000000 0,000000 0,000000
414 1686497470 0,200000 -1,000000 -101,000000 0,000000 0,000000
414 1686497491 0,200000 -1,000000 -101,000000 0,000000 0,000000
414 1686497492 0,200000 -1,000000 -101,000000 0,000000 0,000000
414 1686497493 0,200000 -1,000000 -101,000000 0,000000 0,000000
414 1686497494 0,200000 -1,000000 -101,000000 0,000000 0,000000
414 1686497495 0,200000 -1,000000 -101,000000 0,000000 0,000000
414 1686497531 0,200000 -1,000000 -101,000000 0,000000 0,000000
414 1686497532 0,200000 -1,000000 -101,000000 0,000000 0,000000
414 1686497533 0,200000 -1,000000 -101,000000 0,000000 0,000000
414 1686497534 0,200000 -1,000000 -101,000000 0,000000 0,000000
414 1686497535 0,200000 -1,000000 -101,000000 0,000000 0,000000
414 1686497536 0,200000 -1,000000 -101,000000 0,000000 0,000000
414 1686497537 0,200000 -1,000000 -101,000000 0,000000 0,000000
414 1686497538 0,200000 -1,000000 -101,000000 0,000000 0,000000
414 1686497539 0,200000 -1,000000 -101,000000 0,000000 0,000000
414 1686497540 0,200000 -1,000000 -101,000000 0,000000 0,000000
414 1686497546 0,200000 -1,000000 -101,000000 0,000000 0,000000
414 1686497547 0,200000 -1,000000 -101,000000 0,000000 0,000000
414 1686497548 0,200000 -1,000000 -101,000000 0,000000 0,000000
414 1686497549 0,200000 -1,000000 -101,000000 0,000000 0,000000
414 1686497550 0,200000 -1,000000 -101,000000 0,000000 0,000000
414 1686497551 0,200000 -1,000000 -101,000000 0,000000 0,000000
414 1686497552 0,200000 -1,000000 -101,000000 0,000000 0,000000
414 1686497553 0,200000 -1,000000 -101,000000 0,000000 0,000000
414 1686497554 0,200000 -1,000000 -101,000000 0,000000 0,000000
414 1686497555 0,200000 -1,000000 -101,000000 0,000000 0,000000
414 1686497576 0,200000 -1,000000 -101,000000 0,000000 0,000000
414 1686497577 0,200000 -1,000000 -101,000000 0,000000 0,000000
414 1686497578 0,200000 -1,000000 -101,000000 0,000000 0,000000
414 1686497579 0,200000 -1,000000 -101,000000 0,000000 0,000000
414 1686497580 0,200000 -1,000000 -101,000000 0,000000 0,000000
414 1686497611 0,400000 -1,000000 -101,000000 0,000000 0,000000
414 1686497612 0,400000 -1,000000 -101,000000 0,000000 0,000000
414 1686497613 0,400000 -1,000000 -101,000000 0,000000 0,000000
414 1686497614 0,400000 -1,000000 -101,000000 0,000000 0,000000
414 1686497615 0,400000 -1,000000 -101,000000 0,000000 0,000000
414 1686497671 0,200000 -1,000000 -101,000000 0,000000 0,000000
414 1686497672 0,200000 -1,000000 -101,000000 0,000000 0,000000
414 1686497673 0,200000 -1,000000 -101,000000 0,000000 0,000000
414 1686497674 0,200000 -1,000000 -101,000000 0,000000 0,000000
414 1686497675 0,200000 -1,000000 -101,000000 0,000000 0,000000
414 1686497691 0,200000 -1,000000 -101,000000 0,000000 0,000000
414 1686497692 0,200000 -1,000000 -101,000000 0,000000 0,000000
414 1686497693 0,200000 -1,000000 -101,000000 0,000000 0,000000
414 1686497694 0,200000 -1,000000 -101,000000 0,000000 0,000000
414 1686497695 0,200000 -1,000000 -101,000000 0,000000 0,000000
414 1686497801 0,200000 -1,000000 -101,000000 0,000000 0,000000
414 1686497802 0,200000 -1,000000 -101,000000 0,000000 0,000000
414 1686497803 0,200000 -1,000000 -101,000000 0,000000 0,000000
414 1686497804 0,200000 -1,000000 -101,000000 0,000000 0,000000
414 1686497805 0,200000 -1,000000 -101,000000 0,000000 0,000000
414 1686497811 0,200000 -1,000000 -101,000000 0,000000 0,000000
414 1686497812 0,200000 -1,000000 -101,000000 0,000000 0,000000
414 1686497813 0,200000 -1,000000 -101,000000 0,000000 0,000000
414 1686497814 0,200000 -1,000000 -101,000000 0,000000 0,000000
414 1686497815 0,200000 -1,000000 -101,000000 0,000000 0,000000
414 1686497856 0,200000 -1,000000 -101,000000 0,000000 0,000000
414 1686497857 0,200000 -1,000000 -101,000000 0,000000 0,000000
414 1686497858 0,200000 -1,000000 -101,000000 0,000000 0,000000
414 1686497859 0,200000 -1,000000 -101,000000 0,000000 0,000000
414 1686497860 0,200000 -1,000000 -101,000000 0,000000 0,000000
414 1686497906 0,200000 -1,000000 -101,000000 0,000000 0,000000
414 1686497907 0,200000 -1,000000 -101,000000 0,000000 0,000000
414 1686497908 0,200000 -1,000000 -101,000000 0,000000 0,000000
414 1686497909 0,200000 -1,000000 -101,000000 0,000000 0,000000
414 1686497910 0,200000 -1,000000 -101,000000 0,000000 0,000000
414 1686497926 0,200000 -1,000000 -101,000000 0,000000 0,000000
414 1686497927 0,200000 -1,000000 -101,000000 0,000000 0,000000
414 1686497928 0,200000 -1,000000 -101,000000 0,000000 0,000000
414 1686497929 0,200000 -1,000000 -101,000000 0,000000 0,000000
414 1686497930 0,200000 -1,000000 -101,000000 0,000000 0,000000
414 1686497931 0,200000 -1,000000 -101,000000 0,000000 0,000000
414 1686497932 0,200000 -1,000000 -101,000000 0,000000 0,000000
414 1686497933 0,200000 -1,000000 -101,000000 0,000000 0,000000
414 1686497934 0,200000 -1,000000 -101,000000 0,000000 0,000000
414 1686497935 0,200000 -1,000000 -101,000000 0,000000 0,000000
414 1686497936 0,200000 -1,000000 -101,000000 0,000000 0,000000
414 1686497937 0,200000 -1,000000 -101,000000 0,000000 0,000000
414 1686497938 0,200000 -1,000000 -101,000000 0,000000 0,000000
414 1686497939 0,200000 -1,000000 -101,000000 0,000000 0,000000
414 1686497940 0,200000 -1,000000 -101,000000 0,000000 0,000000
414 1686497961 0,200000 -1,000000 -101,000000 0,000000 0,000000
414 1686497962 0,200000 -1,000000 -101,000000 0,000000 0,000000
414 1686497963 0,200000 -1,000000 -101,000000 0,000000 0,000000
414 1686497964 0,200000 -1,000000 -101,000000 0,000000 0,000000
414 1686497965 0,200000 -1,000000 -101,000000 0,000000 0,000000
414 1686497971 0,200000 -1,000000 -101,000000 0,000000 0,000000
414 1686497972 0,200000 -1,000000 -101,000000 0,000000 0,000000
414 1686497973 0,200000 -1,000000 -101,000000 0,000000 0,000000
414 1686497974 0,200000 -1,000000 -101,000000 0,000000 0,000000
414 1686497975 0,200000 -1,000000 -101,000000 0,000000 0,000000
414 1686498051 0,400000 -1,000000 -101,000000 0,000000 0,000000
414 1686498052 0,400000 -1,000000 -101,000000 0,000000 0,000000
414 1686498053 0,400000 -1,000000 -101,000000 0,000000 0,000000
414 1686498054 0,400000 -1,000000 -101,000000 0,000000 0,000000
414 1686498055 0,400000 -1,000000 -101,000000 0,000000 0,000000
414 1686498066 0,200000 -1,000000 -101,000000 0,000000 0,000000
414 1686498067 0,200000 -1,000000 -101,000000 0,000000 0,000000
414 1686498068 0,200000 -1,000000 -101,000000 0,000000 0,000000
414 1686498069 0,200000 -1,000000 -101,000000 0,000000 0,000000
414 1686498070 0,200000 -1,000000 -101,000000 0,000000 0,000000
414 1686498096 0,200000 -1,000000 -101,000000 0,000000 0,000000
414 1686498097 0,200000 -1,000000 -101,000000 0,000000 0,000000
414 1686498098 0,200000 -1,000000 -101,000000 0,000000 0,000000
414 1686498099 0,200000 -1,000000 -101,000000 0,000000 0,000000
414 1686498100 0,200000 -1,000000 -101,000000 0,000000 0,000000
414 1686498121 0,200000 -1,000000 -101,000000 0,000000 0,000000
414 1686498122 0,200000 -1,000000 -101,000000 0,000000 0,000000
414 1686498123 0,200000 -1,000000 -101,000000 0,000000 0,000000
414 1686498124 0,200000 -1,000000 -101,000000 0,000000 0,000000
414 1686498125 0,200000 -1,000000 -101,000000 0,000000 0,000000
414 1686498131 0,200000 -1,000000 -101,000000 0,000000 0,000000
414 1686498132 0,200000 -1,000000 -101,000000 0,000000 0,000000
414 1686498133 0,200000 -1,000000 -101,000000 0,000000 0,000000
414 1686498134 0,200000 -1,000000 -101,000000 0,000000 0,000000
414 1686498135 0,200000 -1,000000 -101,000000 0,000000 0,000000
414 1686498146 0,200000 -1,000000 -101,000000 0,000000 0,000000
414 1686498147 0,200000 -1,000000 -101,000000 0,000000 0,000000
414 1686498148 0,200000 -1,000000 -101,000000 0,000000 0,000000
414 1686498149 0,200000 -1,000000 -101,000000 0,000000 0,000000
414 1686498150 0,200000 -1,000000 -101,000000 0,000000 0,000000
414 1686498171 0,200000 -1,000000 -101,000000 0,000000 0,000000
414 1686498172 0,200000 -1,000000 -101,000000 0,000000 0,000000
414 1686498173 0,200000 -1,000000 -101,000000 0,000000 0,000000
414 1686498174 0,200000 -1,000000 -101,000000 0,000000 0,000000
414 1686498175 0,200000 -1,000000 -101,000000 0,000000 0,000000
414 1686498251 0,200000 -1,000000 -101,000000 0,000000 0,000000
414 1686498252 0,200000 -1,000000 -101,000000 0,000000 0,000000
414 1686498253 0,200000 -1,000000 -101,000000 0,000000 0,000000
414 1686498254 0,200000 -1,000000 -101,000000 0,000000 0,000000
414 1686498255 0,200000 -1,000000 -101,000000 0,000000 0,000000
414 1686498256 0,400000 -1,000000 -101,000000 0,000000 0,000000
414 1686498257 0,400000 -1,000000 -101,000000 0,000000 0,000000
414 1686498258 0,400000 -1,000000 -101,000000 0,000000 0,000000
414 1686498259 0,400000 -1,000000 -101,000000 0,000000 0,000000
414 1686498260 0,400000 -1,000000 -101,000000 0,000000 0,000000
414 1686498296 0,200000 -1,000000 -101,000000 0,000000 0,000000
414 1686498297 0,200000 -1,000000 -101,000000 0,000000 0,000000
414 1686498298 0,200000 -1,000000 -101,000000 0,000000 0,000000
414 1686498299 0,200000 -1,000000 -101,000000 0,000000 0,000000
414 1686498300 0,200000 -1,000000 -101,000000 0,000000 0,000000
414 1686498336 0,200000 -1,000000 -101,000000 0,000000 0,000000
414 1686498337 0,200000 -1,000000 -101,000000 0,000000 0,000000
414 1686498338 0,200000 -1,000000 -101,000000 0,000000 0,000000
414 1686498339 0,200000 -1,000000 -101,000000 0,000000 0,000000
414 1686498340 0,200000 -1,000000 -101,000000 0,000000 0,000000
414 1686498356 0,200000 -1,000000 -101,000000 0,000000 0,000000
414 1686498357 0,200000 -1,000000 -101,000000 0,000000 0,000000
414 1686498358 0,200000 -1,000000 -101,000000 0,000000 0,000000
414 1686498359 0,200000 -1,000000 -101,000000 0,000000 0,000000
414 1686498360 0,200000 -1,000000 -101,000000 0,000000 0,000000
414 1686498411 0,200000 -1,000000 -101,000000 0,000000 0,000000
414 1686498412 0,200000 -1,000000 -101,000000 0,000000 0,000000
414 1686498413 0,200000 -1,000000 -101,000000 0,000000 0,000000
414 1686498414 0,200000 -1,000000 -101,000000 0,000000 0,000000
414 1686498415 0,200000 -1,000000 -101,000000 0,000000 0,000000
414 1686498441 0,200000 -1,000000 -101,000000 0,000000 0,000000
414 1686498442 0,200000 -1,000000 -101,000000 0,000000 0,000000
414 1686498443 0,200000 -1,000000 -101,000000 0,000000 0,000000
414 1686498444 0,200000 -1,000000 -101,000000 0,000000 0,000000
414 1686498445 0,200000 -1,000000 -101,000000 0,000000 0,000000
414 1686498451 0,200000 -1,000000 -101,000000 0,000000 0,000000
414 1686498452 0,200000 -1,000000 -101,000000 0,000000 0,000000
414 1686498453 0,200000 -1,000000 -101,000000 0,000000 0,000000
414 1686498454 0,200000 -1,000000 -101,000000 0,000000 0,000000
414 1686498455 0,200000 -1,000000 -101,000000 0,000000 0,000000
414 1686498456 0,400000 -1,000000 -101,000000 0,000000 0,000000
414 1686498457 0,400000 -1,000000 -101,000000 0,000000 0,000000
414 1686498458 0,400000 -1,000000 -101,000000 0,000000 0,000000
414 1686498459 0,400000 -1,000000 -101,000000 0,000000 0,000000
414 1686498460 0,400000 -1,000000 -101,000000 0,000000 0,000000
414 1686498461 0,200000 -1,000000 -101,000000 0,000000 0,000000
414 1686498462 0,200000 -1,000000 -101,000000 0,000000 0,000000
414 1686498463 0,200000 -1,000000 -101,000000 0,000000 0,000000
414 1686498464 0,200000 -1,000000 -101,000000 0,000000 0,000000
414 1686498465 0,200000 -1,000000 -101,000000 0,000000 0,000000
414 1686498491 0,200000 -1,000000 -101,000000 0,000000 0,000000
414 1686498492 0,200000 -1,000000 -101,000000 0,000000 0,000000
414 1686498493 0,200000 -1,000000 -101,000000 0,000000 0,000000
414 1686498494 0,200000 -1,000000 -101,000000 0,000000 0,000000
414 1686498495 0,200000 -1,000000 -101,000000 0,000000 0,000000
414 1686498496 0,200000 -1,000000 -101,000000 0,000000 0,000000
414 1686498497 0,200000 -1,000000 -101,000000 0,000000 0,000000
414 1686498498 0,200000 -1,000000 -101,000000 0,000000 0,000000
414 1686498499 0,200000 -1,000000 -101,000000 0,000000 0,000000
414 1686498500 0,200000 -1,000000 -101,000000 0,000000 0,000000
414 1686498531 0,200000 -1,000000 -101,000000 0,000000 0,000000
414 1686498532 0,200000 -1,000000 -101,000000 0,000000 0,000000
414 1686498533 0,200000 -1,000000 -101,000000 0,000000 0,000000
414 1686498534 0,200000 -1,000000 -101,000000 0,000000 0,000000
414 1686498535 0,200000 -1,000000 -101,000000 0,000000 0,000000
414 1686498566 0,200000 -1,000000 -101,000000 0,000000 0,000000
414 1686498567 0,200000 -1,000000 -101,000000 0,000000 0,000000
414 1686498568 0,200000 -1,000000 -101,000000 0,000000 0,000000
414 1686498569 0,200000 -1,000000 -101,000000 0,000000 0,000000
414 1686498570 0,200000 -1,000000 -101,000000 0,000000 0,000000
414 1686498571 0,200000 -1,000000 -101,000000 0,000000 0,000000
414 1686498572 0,200000 -1,000000 -101,000000 0,000000 0,000000
414 1686498573 0,200000 -1,000000 -101,000000 0,000000 0,000000
414 1686498574 0,200000 -1,000000 -101,000000 0,000000 0,000000
414 1686498575 0,200000 -1,000000 -101,000000 0,000000 0,000000
414 1686498576 0,200000 -1,000000 -101,000000 0,000000 0,000000
414 1686498577 0,200000 -1,000000 -101,000000 0,000000 0,000000
414 1686498578 0,200000 -1,000000 -101,000000 0,000000 0,000000
414 1686498579 0,200000 -1,000000 -101,000000 0,000000 0,000000
414 1686498580 0,200000 -1,000000 -101,000000 0,000000 0,000000
414 1686498611 0,400000 -1,000000 -101,000000 0,000000 0,000000
414 1686498612 0,400000 -1,000000 -101,000000 0,000000 0,000000
414 1686498613 0,400000 -1,000000 -101,000000 0,000000 0,000000
414 1686498614 0,400000 -1,000000 -101,000000 0,000000 0,000000
414 1686498615 0,400000 -1,000000 -101,000000 0,000000 0,000000
414 1686498616 0,400000 -1,000000 -101,000000 0,000000 0,000000
414 1686498617 0,400000 -1,000000 -101,000000 0,000000 0,000000
414 1686498618 0,400000 -1,000000 -101,000000 0,000000 0,000000
414 1686498619 0,400000 -1,000000 -101,000000 0,000000 0,000000
414 1686498620 0,400000 -1,000000 -101,000000 0,000000 0,000000
414 1686498656 0,200000 -1,000000 -101,000000 0,000000 0,000000
414 1686498657 0,200000 -1,000000 -101,000000 0,000000 0,000000
414 1686498658 0,200000 -1,000000 -101,000000 0,000000 0,000000
414 1686498659 0,200000 -1,000000 -101,000000 0,000000 0,000000
414 1686498660 0,200000 -1,000000 -101,000000 0,000000 0,000000
414 1686498741 0,200000 -1,000000 -101,000000 0,000000 0,000000
414 1686498742 0,200000 -1,000000 -101,000000 0,000000 0,000000
414 1686498743 0,200000 -1,000000 -101,000000 0,000000 0,000000
414 1686498744 0,200000 -1,000000 -101,000000 0,000000 0,000000
414 1686498745 0,200000 -1,000000 -101,000000 0,000000 0,000000
414 1686498756 0,200000 -1,000000 -101,000000 0,000000 0,000000
414 1686498757 0,200000 -1,000000 -101,000000 0,000000 0,000000
414 1686498758 0,200000 -1,000000 -101,000000 0,000000 0,000000
414 1686498759 0,200000 -1,000000 -101,000000 0,000000 0,000000
414 1686498760 0,200000 -1,000000 -101,000000 0,000000 0,000000
414 1686498771 0,200000 -1,000000 -101,000000 0,000000 0,000000
414 1686498772 0,200000 -1,000000 -101,000000 0,000000 0,000000
414 1686498773 0,200000 -1,000000 -101,000000 0,000000 0,000000
414 1686498774 0,200000 -1,000000 -101,000000 0,000000 0,000000
414 1686498775 0,200000 -1,000000 -101,000000 0,000000 0,000000
414 1686498776 0,200000 -1,000000 -101,000000 0,000000 0,000000
414 1686498777 0,200000 -1,000000 -101,000000 0,000000 0,000000
414 1686498778 0,200000 -1,000000 -101,000000 0,000000 0,000000
414 1686498779 0,200000 -1,000000 -101,000000 0,000000 0,000000
414 1686498780 0,200000 -1,000000 -101,000000 0,000000 0,000000
414 1686498811 0,200000 -1,000000 -101,000000 0,000000 0,000000
414 1686498812 0,200000 -1,000000 -101,000000 0,000000 0,000000
414 1686498813 0,200000 -1,000000 -101,000000 0,000000 0,000000
414 1686498814 0,200000 -1,000000 -101,000000 0,000000 0,000000
414 1686498815 0,200000 -1,000000 -101,000000 0,000000 0,000000
414 1686498851 0,200000 -1,000000 -101,000000 0,000000 0,000000
414 1686498852 0,200000 -1,000000 -101,000000 0,000000 0,000000
414 1686498853 0,200000 -1,000000 -101,000000 0,000000 0,000000
414 1686498854 0,200000 -1,000000 -101,000000 0,000000 0,000000
414 1686498855 0,200000 -1,000000 -101,000000 0,000000 0,000000
414 1686498856 0,400000 -1,000000 -101,000000 0,000000 0,000000
414 1686498857 0,400000 -1,000000 -101,000000 0,000000 0,000000
414 1686498858 0,400000 -1,000000 -101,000000 0,000000 0,000000
414 1686498859 0,400000 -1,000000 -101,000000 0,000000 0,000000
414 1686498860 0,400000 -1,000000 -101,000000 0,000000 0,000000
414 1686498891 0,200000 -1,000000 -101,000000 0,000000 0,000000
414 1686498892 0,200000 -1,000000 -101,000000 0,000000 0,000000
414 1686498893 0,200000 -1,000000 -101,000000 0,000000 0,000000
414 1686498894 0,200000 -1,000000 -101,000000 0,000000 0,000000
414 1686498895 0,200000 -1,000000 -101,000000 0,000000 0,000000
414 1686498896 0,200000 -1,000000 -101,000000 0,000000 0,000000
414 1686498897 0,200000 -1,000000 -101,000000 0,000000 0,000000
414 1686498898 0,200000 -1,000000 -101,000000 0,000000 0,000000
414 1686498899 0,200000 -1,000000 -101,000000 0,000000 0,000000
414 1686498900 0,200000 -1,000000 -101,000000 0,000000 0,000000
414 1686498946 0,200000 -1,000000 -101,000000 0,000000 0,000000
414 1686498947 0,200000 -1,000000 -101,000000 0,000000 0,000000
414 1686498948 0,200000 -1,000000 -101,000000 0,000000 0,000000
414 1686498949 0,200000 -1,000000 -101,000000 0,000000 0,000000
414 1686498950 0,200000 -1,000000 -101,000000 0,000000 0,000000
414 1686498976 0,200000 -1,000000 -101,000000 0,000000 0,000000
414 1686498977 0,200000 -1,000000 -101,000000 0,000000 0,000000
414 1686498978 0,200000 -1,000000 -101,000000 0,000000 0,000000
414 1686498979 0,200000 -1,000000 -101,000000 0,000000 0,000000
414 1686498980 0,200000 -1,000000 -101,000000 0,000000 0,000000
414 1686498991 0,200000 -1,000000 -101,000000 0,000000 0,000000
414 1686498992 0,200000 -1,000000 -101,000000 0,000000 0,000000
414 1686498993 0,200000 -1,000000 -101,000000 0,000000 0,000000
414 1686498994 0,200000 -1,000000 -101,000000 0,000000 0,000000
414 1686498995 0,200000 -1,000000 -101,000000 0,000000 0,000000
414 1686499011 0,200000 -1,000000 -101,000000 0,000000 0,000000
414 1686499012 0,200000 -1,000000 -101,000000 0,000000 0,000000
414 1686499013 0,200000 -1,000000 -101,000000 0,000000 0,000000
414 1686499014 0,200000 -1,000000 -101,000000 0,000000 0,000000
414 1686499015 0,200000 -1,000000 -101,000000 0,000000 0,000000
414 1686499016 0,200000 -1,000000 -101,000000 0,000000 0,000000
414 1686499017 0,200000 -1,000000 -101,000000 0,000000 0,000000
414 1686499018 0,200000 -1,000000 -101,000000 0,000000 0,000000
414 1686499019 0,200000 -1,000000 -101,000000 0,000000 0,000000
414 1686499020 0,200000 -1,000000 -101,000000 0,000000 0,000000
414 1686499026 0,400000 -1,000000 -101,000000 0,000000 0,000000
414 1686499027 0,400000 -1,000000 -101,000000 0,000000 0,000000
414 1686499028 0,400000 -1,000000 -101,000000 0,000000 0,000000
414 1686499029 0,400000 -1,000000 -101,000000 0,000000 0,000000
414 1686499030 0,400000 -1,000000 -101,000000 0,000000 0,000000
414 1686499056 0,200000 -1,000000 -101,000000 0,000000 0,000000
414 1686499057 0,200000 -1,000000 -101,000000 0,000000 0,000000
414 1686499058 0,200000 -1,000000 -101,000000 0,000000 0,000000
414 1686499059 0,200000 -1,000000 -101,000000 0,000000 0,000000
414 1686499060 0,200000 -1,000000 -101,000000 0,000000 0,000000
414 1686499091 0,200000 -1,000000 -101,000000 0,000000 0,000000
414 1686499092 0,200000 -1,000000 -101,000000 0,000000 0,000000
414 1686499093 0,200000 -1,000000 -101,000000 0,000000 0,000000
414 1686499094 0,200000 -1,000000 -101,000000 0,000000 0,000000
414 1686499095 0,200000 -1,000000 -101,000000 0,000000 0,000000
414 1686499096 0,200000 -1,000000 -101,000000 0,000000 0,000000
414 1686499097 0,200000 -1,000000 -101,000000 0,000000 0,000000
414 1686499098 0,200000 -1,000000 -101,000000 0,000000 0,000000
414 1686499099 0,200000 -1,000000 -101,000000 0,000000 0,000000
414 1686499100 0,200000 -1,000000 -101,000000 0,000000 0,000000
414 1686499111 0,200000 -1,000000 -101,000000 0,000000 0,000000
414 1686499112 0,200000 -1,000000 -101,000000 0,000000 0,000000
414 1686499113 0,200000 -1,000000 -101,000000 0,000000 0,000000
414 1686499114 0,200000 -1,000000 -101,000000 0,000000 0,000000
414 1686499115 0,200000 -1,000000 -101,000000 0,000000 0,000000
414 1686499136 0,200000 -1,000000 -101,000000 0,000000 0,000000
414 1686499137 0,200000 -1,000000 -101,000000 0,000000 0,000000
414 1686499138 0,200000 -1,000000 -101,000000 0,000000 0,000000
414 1686499139 0,200000 -1,000000 -101,000000 0,000000 0,000000
414 1686499140 0,200000 -1,000000 -101,000000 0,000000 0,000000
414 1686499151 0,200000 -1,000000 -101,000000 0,000000 0,000000
414 1686499152 0,200000 -1,000000 -101,000000 0,000000 0,000000
414 1686499153 0,200000 -1,000000 -101,000000 0,000000 0,000000
414 1686499154 0,200000 -1,000000 -101,000000 0,000000 0,000000
414 1686499155 0,200000 -1,000000 -101,000000 0,000000 0,000000
414 1686499166 0,200000 -1,000000 -101,000000 0,000000 0,000000
414 1686499167 0,200000 -1,000000 -101,000000 0,000000 0,000000
414 1686499168 0,200000 -1,000000 -101,000000 0,000000 0,000000
414 1686499169 0,200000 -1,000000 -101,000000 0,000000 0,000000
414 1686499170 0,200000 -1,000000 -101,000000 0,000000 0,000000
414 1686499171 0,200000 -1,000000 -101,000000 0,000000 0,000000
414 1686499172 0,200000 -1,000000 -101,000000 0,000000 0,000000
414 1686499173 0,200000 -1,000000 -101,000000 0,000000 0,000000
414 1686499174 0,200000 -1,000000 -101,000000 0,000000 0,000000
414 1686499175 0,200000 -1,000000 -101,000000 0,000000 0,000000
414 1686499176 0,200000 -1,000000 -101,000000 0,000000 0,000000
414 1686499177 0,200000 -1,000000 -101,000000 0,000000 0,000000
414 1686499178 0,200000 -1,000000 -101,000000 0,000000 0,000000
414 1686499179 0,200000 -1,000000 -101,000000 0,000000 0,000000
414 1686499180 0,200000 -1,000000 -101,000000 0,000000 0,000000
414 1686499211 0,200000 -1,000000 -101,000000 0,000000 0,000000
414 1686499212 0,200000 -1,000000 -101,000000 0,000000 0,000000
414 1686499213 0,200000 -1,000000 -101,000000 0,000000 0,000000
414 1686499214 0,200000 -1,000000 -101,000000 0,000000 0,000000
414 1686499215 0,200000 -1,000000 -101,000000 0,000000 0,000000
414 1686499216 0,400000 -1,000000 -101,000000 0,000000 0,000000
414 1686499217 0,400000 -1,000000 -101,000000 0,000000 0,000000
414 1686499218 0,400000 -1,000000 -101,000000 0,000000 0,000000
414 1686499219 0,400000 -1,000000 -101,000000 0,000000 0,000000
414 1686499220 0,400000 -1,000000 -101,000000 0,000000 0,000000
414 1686499256 0,200000 -1,000000 -101,000000 0,000000 0,000000
414 1686499257 0,200000 -1,000000 -101,000000 0,000000 0,000000
414 1686499258 0,200000 -1,000000 -101,000000 0,000000 0,000000
414 1686499259 0,200000 -1,000000 -101,000000 0,000000 0,000000
414 1686499260 0,200000 -1,000000 -101,000000 0,000000 0,000000
414 1686499261 0,200000 -1,000000 -101,000000 0,000000 0,000000
414 1686499262 0,200000 -1,000000 -101,000000 0,000000 0,000000
414 1686499263 0,200000 -1,000000 -101,000000 0,000000 0,000000
414 1686499264 0,200000 -1,000000 -101,000000 0,000000 0,000000
414 1686499265 0,200000 -1,000000 -101,000000 0,000000 0,000000
414 1686499366 0,200000 -1,000000 -101,000000 0,000000 0,000000
414 1686499367 0,200000 -1,000000 -101,000000 0,000000 0,000000
414 1686499368 0,200000 -1,000000 -101,000000 0,000000 0,000000
414 1686499369 0,200000 -1,000000 -101,000000 0,000000 0,000000
414 1686499370 0,200000 -1,000000 -101,000000 0,000000 0,000000
414 1686499391 0,200000 -1,000000 -101,000000 0,000000 0,000000
414 1686499392 0,200000 -1,000000 -101,000000 0,000000 0,000000
414 1686499393 0,200000 -1,000000 -101,000000 0,000000 0,000000
414 1686499394 0,200000 -1,000000 -101,000000 0,000000 0,000000
414 1686499395 0,200000 -1,000000 -101,000000 0,000000 0,000000
414 1686499411 0,200000 -1,000000 -101,000000 0,000000 0,000000
414 1686499412 0,200000 -1,000000 -101,000000 0,000000 0,000000
414 1686499413 0,200000 -1,000000 -101,000000 0,000000 0,000000
414 1686499414 0,200000 -1,000000 -101,000000 0,000000 0,000000
414 1686499415 0,200000 -1,000000 -101,000000 0,000000 0,000000
414 1686499416 0,200000 -1,000000 -101,000000 0,000000 0,000000
414 1686499417 0,200000 -1,000000 -101,000000 0,000000 0,000000
414 1686499418 0,200000 -1,000000 -101,000000 0,000000 0,000000
414 1686499419 0,200000 -1,000000 -101,000000 0,000000 0,000000
414 1686499420 0,200000 -1,000000 -101,000000 0,000000 0,000000
414 1686499451 0,200000 -1,000000 -101,000000 0,000000 0,000000
414 1686499452 0,200000 -1,000000 -101,000000 0,000000 0,000000
414 1686499453 0,200000 -1,000000 -101,000000 0,000000 0,000000
414 1686499454 0,200000 -1,000000 -101,000000 0,000000 0,000000
414 1686499455 0,200000 -1,000000 -101,000000 0,000000 0,000000
414 1686499491 0,200000 -1,000000 -101,000000 0,000000 0,000000
414 1686499492 0,200000 -1,000000 -101,000000 0,000000 0,000000
414 1686499493 0,200000 -1,000000 -101,000000 0,000000 0,000000
414 1686499494 0,200000 -1,000000 -101,000000 0,000000 0,000000
414 1686499495 0,200000 -1,000000 -101,000000 0,000000 0,000000
414 1686499531 0,400000 -1,000000 -101,000000 0,000000 0,000000
414 1686499532 0,400000 -1,000000 -101,000000 0,000000 0,000000
414 1686499533 0,400000 -1,000000 -101,000000 0,000000 0,000000
414 1686499534 0,400000 -1,000000 -101,000000 0,000000 0,000000
414 1686499535 0,400000 -1,000000 -101,000000 0,000000 0,000000
414 1686499571 0,200000 -1,000000 -101,000000 0,000000 0,000000
414 1686499572 0,200000 -1,000000 -101,000000 0,000000 0,000000
414 1686499573 0,200000 -1,000000 -101,000000 0,000000 0,000000
414 1686499574 0,200000 -1,000000 -101,000000 0,000000 0,000000
414 1686499575 0,200000 -1,000000 -101,000000 0,000000 0,000000
414 1686499621 0,200000 -1,000000 -101,000000 0,000000 0,000000
414 1686499622 0,200000 -1,000000 -101,000000 0,000000 0,000000
414 1686499623 0,200000 -1,000000 -101,000000 0,000000 0,000000
414 1686499624 0,200000 -1,000000 -101,000000 0,000000 0,000000
414 1686499625 0,200000 -1,000000 -101,000000 0,000000 0,000000
414 1686499656 0,200000 -1,000000 -101,000000 0,000000 0,000000
414 1686499657 0,200000 -1,000000 -101,000000 0,000000 0,000000
414 1686499658 0,200000 -1,000000 -101,000000 0,000000 0,000000
414 1686499659 0,200000 -1,000000 -101,000000 0,000000 0,000000
414 1686499660 0,200000 -1,000000 -101,000000 0,000000 0,000000
414 1686499681 0,200000 -1,000000 -101,000000 0,000000 0,000000
414 1686499682 0,200000 -1,000000 -101,000000 0,000000 0,000000
414 1686499683 0,200000 -1,000000 -101,000000 0,000000 0,000000
414 1686499684 0,200000 -1,000000 -101,000000 0,000000 0,000000
414 1686499685 0,200000 -1,000000 -101,000000 0,000000 0,000000
414 1686499706 0,200000 -1,000000 -101,000000 0,000000 0,000000
414 1686499707 0,200000 -1,000000 -101,000000 0,000000 0,000000
414 1686499708 0,200000 -1,000000 -101,000000 0,000000 0,000000
414 1686499709 0,200000 -1,000000 -101,000000 0,000000 0,000000
414 1686499710 0,200000 -1,000000 -101,000000 0,000000 0,000000
414 1686499721 0,200000 -1,000000 -101,000000 0,000000 0,000000
414 1686499722 0,200000 -1,000000 -101,000000 0,000000 0,000000
414 1686499723 0,200000 -1,000000 -101,000000 0,000000 0,000000
414 1686499724 0,200000 -1,000000 -101,000000 0,000000 0,000000
414 1686499725 0,200000 -1,000000 -101,000000 0,000000 0,000000
414 1686499736 0,200000 -1,000000 -101,000000 0,000000 0,000000
414 1686499737 0,200000 -1,000000 -101,000000 0,000000 0,000000
414 1686499738 0,200000 -1,000000 -101,000000 0,000000 0,000000
414 1686499739 0,200000 -1,000000 -101,000000 0,000000 0,000000
414 1686499740 0,200000 -1,000000 -101,000000 0,000000 0,000000
414 1686499746 0,200000 -1,000000 -101,000000 0,000000 0,000000
414 1686499747 0,200000 -1,000000 -101,000000 0,000000 0,000000
414 1686499748 0,200000 -1,000000 -101,000000 0,000000 0,000000
414 1686499749 0,200000 -1,000000 -101,000000 0,000000 0,000000
414 1686499750 0,200000 -1,000000 -101,000000 0,000000 0,000000
414 1686499816 0,200000 -1,000000 -101,000000 0,000000 0,000000
414 1686499817 0,200000 -1,000000 -101,000000 0,000000 0,000000
414 1686499818 0,200000 -1,000000 -101,000000 0,000000 0,000000
414 1686499819 0,200000 -1,000000 -101,000000 0,000000 0,000000
414 1686499820 0,200000 -1,000000 -101,000000 0,000000 0,000000
414 1686499821 0,200000 -1,000000 -101,000000 0,000000 0,000000
414 1686499822 0,200000 -1,000000 -101,000000 0,000000 0,000000
414 1686499823 0,200000 -1,000000 -101,000000 0,000000 0,000000
414 1686499824 0,200000 -1,000000 -101,000000 0,000000 0,000000
414 1686499825 0,200000 -1,000000 -101,000000 0,000000 0,000000
414 1686499831 0,200000 -1,000000 -101,000000 0,000000 0,000000
414 1686499832 0,200000 -1,000000 -101,000000 0,000000 0,000000
414 1686499833 0,200000 -1,000000 -101,000000 0,000000 0,000000
414 1686499834 0,200000 -1,000000 -101,000000 0,000000 0,000000
414 1686499835 0,200000 -1,000000 -101,000000 0,000000 0,000000
414 1686499836 0,200000 -1,000000 -101,000000 0,000000 0,000000
414 1686499837 0,200000 -1,000000 -101,000000 0,000000 0,000000
414 1686499838 0,200000 -1,000000 -101,000000 0,000000 0,000000
414 1686499839 0,200000 -1,000000 -101,000000 0,000000 0,000000
414 1686499840 0,200000 -1,000000 -101,000000 0,000000 0,000000
414 1686499841 0,200000 -1,000000 -101,000000 0,000000 0,000000
414 1686499842 0,200000 -1,000000 -101,000000 0,000000 0,000000
414 1686499843 0,200000 -1,000000 -101,000000 0,000000 0,000000
414 1686499844 0,200000 -1,000000 -101,000000 0,000000 0,000000
414 1686499845 0,200000 -1,000000 -101,000000 0,000000 0,000000
414 1686499866 0,200000 -1,000000 -101,000000 0,000000 0,000000
414 1686499867 0,200000 -1,000000 -101,000000 0,000000 0,000000
414 1686499868 0,200000 -1,000000 -101,000000 0,000000 0,000000
414 1686499869 0,200000 -1,000000 -101,000000 0,000000 0,000000
414 1686499870 0,200000 -1,000000 -101,000000 0,000000 0,000000
414 1686499891 0,200000 -1,000000 -101,000000 0,000000 0,000000
414 1686499892 0,200000 -1,000000 -101,000000 0,000000 0,000000
414 1686499893 0,200000 -1,000000 -101,000000 0,000000 0,000000
414 1686499894 0,200000 -1,000000 -101,000000 0,000000 0,000000
414 1686499895 0,200000 -1,000000 -101,000000 0,000000 0,000000
414 1686499896 0,200000 -1,000000 -101,000000 0,000000 0,000000
414 1686499897 0,200000 -1,000000 -101,000000 0,000000 0,000000
414 1686499898 0,200000 -1,000000 -101,000000 0,000000 0,000000
414 1686499899 0,200000 -1,000000 -101,000000 0,000000 0,000000
414 1686499900 0,200000 -1,000000 -101,000000 0,000000 0,000000
414 1686499901 0,200000 -1,000000 -101,000000 0,000000 0,000000
414 1686499902 0,200000 -1,000000 -101,000000 0,000000 0,000000
414 1686499903 0,200000 -1,000000 -101,000000 0,000000 0,000000
414 1686499904 0,200000 -1,000000 -101,000000 0,000000 0,000000
414 1686499905 0,200000 -1,000000 -101,000000 0,000000 0,000000
414 1686499931 0,200000 -1,000000 -101,000000 0,000000 0,000000
414 1686499932 0,200000 -1,000000 -101,000000 0,000000 0,000000
414 1686499933 0,200000 -1,000000 -101,000000 0,000000 0,000000
414 1686499934 0,200000 -1,000000 -101,000000 0,000000 0,000000
414 1686499935 0,200000 -1,000000 -101,000000 0,000000 0,000000
414 1686499941 0,200000 -1,000000 -101,000000 0,000000 0,000000
414 1686499942 0,200000 -1,000000 -101,000000 0,000000 0,000000
414 1686499943 0,200000 -1,000000 -101,000000 0,000000 0,000000
414 1686499944 0,200000 -1,000000 -101,000000 0,000000 0,000000
414 1686499945 0,200000 -1,000000 -101,000000 0,000000 0,000000
414 1686499976 0,200000 -1,000000 -101,000000 0,000000 0,000000
414 1686499977 0,200000 -1,000000 -101,000000 0,000000 0,000000
414 1686499978 0,200000 -1,000000 -101,000000 0,000000 0,000000
414 1686499979 0,200000 -1,000000 -101,000000 0,000000 0,000000
414 1686499980 0,200000 -1,000000 -101,000000 0,000000 0,000000
414 1686500001 0,200000 -1,000000 -101,000000 0,000000 0,000000
414 1686500002 0,200000 -1,000000 -101,000000 0,000000 0,000000
414 1686500003 0,200000 -1,000000 -101,000000 0,000000 0,000000
414 1686500004 0,200000 -1,000000 -101,000000 0,000000 0,000000
414 1686500005 0,200000 -1,000000 -101,000000 0,000000 0,000000
414 1686500011 0,200000 -1,000000 -101,000000 0,000000 0,000000
414 1686500012 0,200000 -1,000000 -101,000000 0,000000 0,000000
414 1686500013 0,200000 -1,000000 -101,000000 0,000000 0,000000
414 1686500014 0,200000 -1,000000 -101,000000 0,000000 0,000000
414 1686500015 0,200000 -1,000000 -101,000000 0,000000 0,000000
414 1686500021 0,200000 -1,000000 -101,000000 0,000000 0,000000
414 1686500022 0,200000 -1,000000 -101,000000 0,000000 0,000000
414 1686500023 0,200000 -1,000000 -101,000000 0,000000 0,000000
414 1686500024 0,200000 -1,000000 -101,000000 0,000000 0,000000
414 1686500025 0,200000 -1,000000 -101,000000 0,000000 0,000000
414 1686500031 0,200000 -1,000000 -101,000000 0,000000 0,000000
414 1686500032 0,200000 -1,000000 -101,000000 0,000000 0,000000
414 1686500033 0,200000 -1,000000 -101,000000 0,000000 0,000000
414 1686500034 0,200000 -1,000000 -101,000000 0,000000 0,000000
414 1686500035 0,200000 -1,000000 -101,000000 0,000000 0,000000
414 1686500141 0,200000 -1,000000 -101,000000 0,000000 0,000000
414 1686500142 0,200000 -1,000000 -101,000000 0,000000 0,000000
414 1686500143 0,200000 -1,000000 -101,000000 0,000000 0,000000
414 1686500144 0,200000 -1,000000 -101,000000 0,000000 0,000000
414 1686500145 0,200000 -1,000000 -101,000000 0,000000 0,000000
414 1686500161 0,200000 -1,000000 -101,000000 0,000000 0,000000
414 1686500162 0,200000 -1,000000 -101,000000 0,000000 0,000000
414 1686500163 0,200000 -1,000000 -101,000000 0,000000 0,000000
414 1686500164 0,200000 -1,000000 -101,000000 0,000000 0,000000
414 1686500165 0,200000 -1,000000 -101,000000 0,000000 0,000000
414 1686500171 0,400000 -1,000000 -101,000000 0,000000 0,000000
414 1686500172 0,400000 -1,000000 -101,000000 0,000000 0,000000
414 1686500173 0,400000 -1,000000 -101,000000 0,000000 0,000000
414 1686500174 0,400000 -1,000000 -101,000000 0,000000 0,000000
414 1686500175 0,400000 -1,000000 -101,000000 0,000000 0,000000
414 1686500176 0,400000 -1,000000 -101,000000 0,000000 0,000000
414 1686500177 0,400000 -1,000000 -101,000000 0,000000 0,000000
414 1686500178 0,400000 -1,000000 -101,000000 0,000000 0,000000
414 1686500179 0,400000 -1,000000 -101,000000 0,000000 0,000000
414 1686500180 0,400000 -1,000000 -101,000000 0,000000 0,000000
414 1686500211 0,200000 -1,000000 -101,000000 0,000000 0,000000
414 1686500212 0,200000 -1,000000 -101,000000 0,000000 0,000000
414 1686500213 0,200000 -1,000000 -101,000000 0,000000 0,000000
414 1686500214 0,200000 -1,000000 -101,000000 0,000000 0,000000
414 1686500215 0,200000 -1,000000 -101,000000 0,000000 0,000000
414 1686500216 0,600000 -1,000000 -101,000000 0,000000 0,000000
414 1686500217 0,600000 -1,000000 -101,000000 0,000000 0,000000
414 1686500218 0,600000 -1,000000 -101,000000 0,000000 0,000000
414 1686500219 0,600000 -1,000000 -101,000000 0,000000 0,000000
414 1686500220 0,600000 -1,000000 -101,000000 0,000000 0,000000
414 1686500221 0,200000 -1,000000 -101,000000 0,000000 0,000000
414 1686500222 0,200000 -1,000000 -101,000000 0,000000 0,000000
414 1686500223 0,200000 -1,000000 -101,000000 0,000000 0,000000
414 1686500224 0,200000 -1,000000 -101,000000 0,000000 0,000000
414 1686500225 0,200000 -1,000000 -101,000000 0,000000 0,000000
414 1686500241 0,200000 -1,000000 -101,000000 0,000000 0,000000
414 1686500242 0,200000 -1,000000 -101,000000 0,000000 0,000000
414 1686500243 0,200000 -1,000000 -101,000000 0,000000 0,000000
414 1686500244 0,200000 -1,000000 -101,000000 0,000000 0,000000
414 1686500245 0,200000 -1,000000 -101,000000 0,000000 0,000000
414 1686500271 0,200000 -1,000000 -101,000000 0,000000 0,000000
414 1686500272 0,200000 -1,000000 -101,000000 0,000000 0,000000
414 1686500273 0,200000 -1,000000 -101,000000 0,000000 0,000000
414 1686500274 0,200000 -1,000000 -101,000000 0,000000 0,000000
414 1686500275 0,200000 -1,000000 -101,000000 0,000000 0,000000
414 1686500291 0,400000 -1,000000 -101,000000 0,000000 0,000000
414 1686500292 0,400000 -1,000000 -101,000000 0,000000 0,000000
414 1686500293 0,400000 -1,000000 -101,000000 0,000000 0,000000
414 1686500294 0,400000 -1,000000 -101,000000 0,000000 0,000000
414 1686500295 0,400000 -1,000000 -101,000000 0,000000 0,000000
414 1686500296 0,600000 -1,000000 -101,000000 0,000000 0,000000
414 1686500297 0,600000 -1,000000 -101,000000 0,000000 0,000000
414 1686500298 0,600000 -1,000000 -101,000000 0,000000 0,000000
414 1686500299 0,600000 -1,000000 -101,000000 0,000000 0,000000
414 1686500300 0,600000 -1,000000 -101,000000 0,000000 0,000000
414 1686500316 0,200000 -1,000000 -101,000000 0,000000 0,000000
414 1686500317 0,200000 -1,000000 -101,000000 0,000000 0,000000
414 1686500318 0,200000 -1,000000 -101,000000 0,000000 0,000000
414 1686500319 0,200000 -1,000000 -101,000000 0,000000 0,000000
414 1686500320 0,200000 -1,000000 -101,000000 0,000000 0,000000
414 1686500336 0,200000 -1,000000 -101,000000 0,000000 0,000000
414 1686500337 0,200000 -1,000000 -101,000000 0,000000 0,000000
414 1686500338 0,200000 -1,000000 -101,000000 0,000000 0,000000
414 1686500339 0,200000 -1,000000 -101,000000 0,000000 0,000000
414 1686500340 0,200000 -1,000000 -101,000000 0,000000 0,000000
414 1686500371 0,200000 -1,000000 -101,000000 0,000000 0,000000
414 1686500372 0,200000 -1,000000 -101,000000 0,000000 0,000000
414 1686500373 0,200000 -1,000000 -101,000000 0,000000 0,000000
414 1686500374 0,200000 -1,000000 -101,000000 0,000000 0,000000
414 1686500375 0,200000 -1,000000 -101,000000 0,000000 0,000000
414 1686500376 0,400000 -1,000000 -101,000000 0,000000 0,000000
414 1686500377 0,400000 -1,000000 -101,000000 0,000000 0,000000
414 1686500378 0,400000 -1,000000 -101,000000 0,000000 0,000000
414 1686500379 0,400000 -1,000000 -101,000000 0,000000 0,000000
414 1686500380 0,400000 -1,000000 -101,000000 0,000000 0,000000
414 1686500401 0,200000 -1,000000 -101,000000 0,000000 0,000000
414 1686500402 0,200000 -1,000000 -101,000000 0,000000 0,000000
414 1686500403 0,200000 -1,000000 -101,000000 0,000000 0,000000
414 1686500404 0,200000 -1,000000 -101,000000 0,000000 0,000000
414 1686500405 0,200000 -1,000000 -101,000000 0,000000 0,000000
414 1686500411 0,400000 -1,000000 -101,000000 0,000000 0,000000
414 1686500412 0,400000 -1,000000 -101,000000 0,000000 0,000000
414 1686500413 0,400000 -1,000000 -101,000000 0,000000 0,000000
414 1686500414 0,400000 -1,000000 -101,000000 0,000000 0,000000
414 1686500415 0,400000 -1,000000 -101,000000 0,000000 0,000000
414 1686500451 0,200000 -1,000000 -101,000000 0,000000 0,000000
414 1686500452 0,200000 -1,000000 -101,000000 0,000000 0,000000
414 1686500453 0,200000 -1,000000 -101,000000 0,000000 0,000000
414 1686500454 0,200000 -1,000000 -101,000000 0,000000 0,000000
414 1686500455 0,200000 -1,000000 -101,000000 0,000000 0,000000
414 1686500456 0,200000 -1,000000 -101,000000 0,000000 0,000000
414 1686500457 0,200000 -1,000000 -101,000000 0,000000 0,000000
414 1686500458 0,200000 -1,000000 -101,000000 0,000000 0,000000
414 1686500459 0,200000 -1,000000 -101,000000 0,000000 0,000000
414 1686500460 0,200000 -1,000000 -101,000000 0,000000 0,000000
414 1686500461 0,200000 -1,000000 -101,000000 0,000000 0,000000
414 1686500462 0,200000 -1,000000 -101,000000 0,000000 0,000000
414 1686500463 0,200000 -1,000000 -101,000000 0,000000 0,000000
414 1686500464 0,200000 -1,000000 -101,000000 0,000000 0,000000
414 1686500465 0,200000 -1,000000 -101,000000 0,000000 0,000000
414 1686500466 0,200000 -1,000000 -101,000000 0,000000 0,000000
414 1686500467 0,200000 -1,000000 -101,000000 0,000000 0,000000
414 1686500468 0,200000 -1,000000 -101,000000 0,000000 0,000000
414 1686500469 0,200000 -1,000000 -101,000000 0,000000 0,000000
414 1686500470 0,200000 -1,000000 -101,000000 0,000000 0,000000
414 1686500476 0,200000 -1,000000 -101,000000 0,000000 0,000000
414 1686500477 0,200000 -1,000000 -101,000000 0,000000 0,000000
414 1686500478 0,200000 -1,000000 -101,000000 0,000000 0,000000
414 1686500479 0,200000 -1,000000 -101,000000 0,000000 0,000000
414 1686500480 0,200000 -1,000000 -101,000000 0,000000 0,000000
414 1686500486 0,200000 -1,000000 -101,000000 0,000000 0,000000
414 1686500487 0,200000 -1,000000 -101,000000 0,000000 0,000000
414 1686500488 0,200000 -1,000000 -101,000000 0,000000 0,000000
414 1686500489 0,200000 -1,000000 -101,000000 0,000000 0,000000
414 1686500490 0,200000 -1,000000 -101,000000 0,000000 0,000000
414 1686500501 0,200000 -1,000000 -101,000000 0,000000 0,000000
414 1686500502 0,200000 -1,000000 -101,000000 0,000000 0,000000
414 1686500503 0,200000 -1,000000 -101,000000 0,000000 0,000000
414 1686500504 0,200000 -1,000000 -101,000000 0,000000 0,000000
414 1686500505 0,200000 -1,000000 -101,000000 0,000000 0,000000
414 1686500536 0,400000 -1,000000 -101,000000 0,000000 0,000000
414 1686500537 0,400000 -1,000000 -101,000000 0,000000 0,000000
414 1686500538 0,400000 -1,000000 -101,000000 0,000000 0,000000
414 1686500539 0,400000 -1,000000 -101,000000 0,000000 0,000000
414 1686500540 0,400000 -1,000000 -101,000000 0,000000 0,000000
414 1686500551 0,200000 -1,000000 -101,000000 0,000000 0,000000
414 1686500552 0,200000 -1,000000 -101,000000 0,000000 0,000000
414 1686500553 0,200000 -1,000000 -101,000000 0,000000 0,000000
414 1686500554 0,200000 -1,000000 -101,000000 0,000000 0,000000
414 1686500555 0,200000 -1,000000 -101,000000 0,000000 0,000000
414 1686500556 0,200000 -1,000000 -101,000000 0,000000 0,000000
414 1686500557 0,200000 -1,000000 -101,000000 0,000000 0,000000
414 1686500558 0,200000 -1,000000 -101,000000 0,000000 0,000000
414 1686500559 0,200000 -1,000000 -101,000000 0,000000 0,000000
414 1686500560 0,200000 -1,000000 -101,000000 0,000000 0,000000
414 1686500571 0,200000 -1,000000 -101,000000 0,000000 0,000000
414 1686500572 0,200000 -1,000000 -101,000000 0,000000 0,000000
414 1686500573 0,200000 -1,000000 -101,000000 0,000000 0,000000
414 1686500574 0,200000 -1,000000 -101,000000 0,000000 0,000000
414 1686500575 0,200000 -1,000000 -101,000000 0,000000 0,000000
414 1686500576 0,200000 -1,000000 -101,000000 0,000000 0,000000
414 1686500577 0,200000 -1,000000 -101,000000 0,000000 0,000000
414 1686500578 0,200000 -1,000000 -101,000000 0,000000 0,000000
414 1686500579 0,200000 -1,000000 -101,000000 0,000000 0,000000
414 1686500580 0,200000 -1,000000 -101,000000 0,000000 0,000000
414 1686500611 0,200000 -1,000000 -101,000000 0,000000 0,000000
414 1686500612 0,200000 -1,000000 -101,000000 0,000000 0,000000
414 1686500613 0,200000 -1,000000 -101,000000 0,000000 0,000000
414 1686500614 0,200000 -1,000000 -101,000000 0,000000 0,000000
414 1686500615 0,200000 -1,000000 -101,000000 0,000000 0,000000
414 1686500656 0,200000 -1,000000 -101,000000 0,000000 0,000000
414 1686500657 0,200000 -1,000000 -101,000000 0,000000 0,000000
414 1686500658 0,200000 -1,000000 -101,000000 0,000000 0,000000
414 1686500659 0,200000 -1,000000 -101,000000 0,000000 0,000000
414 1686500660 0,200000 -1,000000 -101,000000 0,000000 0,000000
414 1686500661 0,200000 -1,000000 -101,000000 0,000000 0,000000
414 1686500662 0,200000 -1,000000 -101,000000 0,000000 0,000000
414 1686500663 0,200000 -1,000000 -101,000000 0,000000 0,000000
414 1686500664 0,200000 -1,000000 -101,000000 0,000000 0,000000
414 1686500665 0,200000 -1,000000 -101,000000 0,000000 0,000000
414 1686500681 0,200000 -1,000000 -101,000000 0,000000 0,000000
414 1686500682 0,200000 -1,000000 -101,000000 0,000000 0,000000
414 1686500683 0,200000 -1,000000 -101,000000 0,000000 0,000000
414 1686500684 0,200000 -1,000000 -101,000000 0,000000 0,000000
414 1686500685 0,200000 -1,000000 -101,000000 0,000000 0,000000
414 1686500696 0,400000 -1,000000 -101,000000 0,000000 0,000000
414 1686500697 0,400000 -1,000000 -101,000000 0,000000 0,000000
414 1686500698 0,400000 -1,000000 -101,000000 0,000000 0,000000
414 1686500699 0,400000 -1,000000 -101,000000 0,000000 0,000000
414 1686500700 0,400000 -1,000000 -101,000000 0,000000 0,000000
414 1686500716 0,200000 -1,000000 -101,000000 0,000000 0,000000
414 1686500717 0,200000 -1,000000 -101,000000 0,000000 0,000000
414 1686500718 0,200000 -1,000000 -101,000000 0,000000 0,000000
414 1686500719 0,200000 -1,000000 -101,000000 0,000000 0,000000
414 1686500720 0,200000 -1,000000 -101,000000 0,000000 0,000000
414 1686500721 0,200000 -1,000000 -101,000000 0,000000 0,000000
414 1686500722 0,200000 -1,000000 -101,000000 0,000000 0,000000
414 1686500723 0,200000 -1,000000 -101,000000 0,000000 0,000000
414 1686500724 0,200000 -1,000000 -101,000000 0,000000 0,000000
414 1686500725 0,200000 -1,000000 -101,000000 0,000000 0,000000
414 1686500731 0,400000 -1,000000 -101,000000 0,000000 0,000000
414 1686500732 0,400000 -1,000000 -101,000000 0,000000 0,000000
414 1686500733 0,400000 -1,000000 -101,000000 0,000000 0,000000
414 1686500734 0,400000 -1,000000 -101,000000 0,000000 0,000000
414 1686500735 0,400000 -1,000000 -101,000000 0,000000 0,000000
414 1686500741 0,200000 -1,000000 -101,000000 0,000000 0,000000
414 1686500742 0,200000 -1,000000 -101,000000 0,000000 0,000000
414 1686500743 0,200000 -1,000000 -101,000000 0,000000 0,000000
414 1686500744 0,200000 -1,000000 -101,000000 0,000000 0,000000
414 1686500745 0,200000 -1,000000 -101,000000 0,000000 0,000000
414 1686500776 0,400000 -1,000000 -101,000000 0,000000 0,000000
414 1686500777 0,400000 -1,000000 -101,000000 0,000000 0,000000
414 1686500778 0,400000 -1,000000 -101,000000 0,000000 0,000000
414 1686500779 0,400000 -1,000000 -101,000000 0,000000 0,000000
414 1686500780 0,400000 -1,000000 -101,000000 0,000000 0,000000
414 1686500811 0,200000 -1,000000 -101,000000 0,000000 0,000000
414 1686500812 0,200000 -1,000000 -101,000000 0,000000 0,000000
414 1686500813 0,200000 -1,000000 -101,000000 0,000000 0,000000
414 1686500814 0,200000 -1,000000 -101,000000 0,000000 0,000000
414 1686500815 0,200000 -1,000000 -101,000000 0,000000 0,000000
414 1686500821 0,400000 -1,000000 -101,000000 0,000000 0,000000
414 1686500822 0,400000 -1,000000 -101,000000 0,000000 0,000000
414 1686500823 0,400000 -1,000000 -101,000000 0,000000 0,000000
414 1686500824 0,400000 -1,000000 -101,000000 0,000000 0,000000
414 1686500825 0,400000 -1,000000 -101,000000 0,000000 0,000000
414 1686500856 0,400000 -1,000000 -101,000000 0,000000 0,000000
414 1686500857 0,400000 -1,000000 -101,000000 0,000000 0,000000
414 1686500858 0,400000 -1,000000 -101,000000 0,000000 0,000000
414 1686500859 0,400000 -1,000000 -101,000000 0,000000 0,000000
414 1686500860 0,400000 -1,000000 -101,000000 0,000000 0,000000
414 1686500881 0,200000 -1,000000 -101,000000 0,000000 0,000000
414 1686500882 0,200000 -1,000000 -101,000000 0,000000 0,000000
414 1686500883 0,200000 -1,000000 -101,000000 0,000000 0,000000
414 1686500884 0,200000 -1,000000 -101,000000 0,000000 0,000000
414 1686500885 0,200000 -1,000000 -101,000000 0,000000 0,000000
414 1686500896 0,400000 -1,000000 -101,000000 0,000000 0,000000
414 1686500897 0,400000 -1,000000 -101,000000 0,000000 0,000000
414 1686500898 0,400000 -1,000000 -101,000000 0,000000 0,000000
414 1686500899 0,400000 -1,000000 -101,000000 0,000000 0,000000
414 1686500900 0,400000 -1,000000 -101,000000 0,000000 0,000000
414 1686500916 0,200000 -1,000000 -101,000000 0,000000 0,000000
414 1686500917 0,200000 -1,000000 -101,000000 0,000000 0,000000
414 1686500918 0,200000 -1,000000 -101,000000 0,000000 0,000000
414 1686500919 0,200000 -1,000000 -101,000000 0,000000 0,000000
414 1686500920 0,200000 -1,000000 -101,000000 0,000000 0,000000
414 1686500941 0,200000 -1,000000 -101,000000 0,000000 0,000000
414 1686500942 0,200000 -1,000000 -101,000000 0,000000 0,000000
414 1686500943 0,200000 -1,000000 -101,000000 0,000000 0,000000
414 1686500944 0,200000 -1,000000 -101,000000 0,000000 0,000000
414 1686500945 0,200000 -1,000000 -101,000000 0,000000 0,000000
414 1686501051 0,200000 -1,000000 -101,000000 0,000000 0,000000
414 1686501052 0,200000 -1,000000 -101,000000 0,000000 0,000000
414 1686501053 0,200000 -1,000000 -101,000000 0,000000 0,000000
414 1686501054 0,200000 -1,000000 -101,000000 0,000000 0,000000
414 1686501055 0,200000 -1,000000 -101,000000 0,000000 0,000000
414 1686501176 0,200000 -1,000000 -101,000000 0,000000 0,000000
414 1686501177 0,200000 -1,000000 -101,000000 0,000000 0,000000
414 1686501178 0,200000 -1,000000 -101,000000 0,000000 0,000000
414 1686501179 0,200000 -1,000000 -101,000000 0,000000 0,000000
414 1686501180 0,200000 -1,000000 -101,000000 0,000000 0,000000
414 1686501201 0,200000 -1,000000 -101,000000 0,000000 0,000000
414 1686501202 0,200000 -1,000000 -101,000000 0,000000 0,000000
414 1686501203 0,200000 -1,000000 -101,000000 0,000000 0,000000
414 1686501204 0,200000 -1,000000 -101,000000 0,000000 0,000000
414 1686501205 0,200000 -1,000000 -101,000000 0,000000 0,000000
414 1686501551 0,200000 -1,000000 -101,000000 0,000000 0,000000
414 1686501552 0,200000 -1,000000 -101,000000 0,000000 0,000000
414 1686501553 0,200000 -1,000000 -101,000000 0,000000 0,000000
414 1686501554 0,200000 -1,000000 -101,000000 0,000000 0,000000
414 1686501555 0,200000 -1,000000 -101,000000 0,000000 0,000000
414 1686501686 0,200000 -1,000000 -101,000000 0,000000 0,000000
414 1686501687 0,200000 -1,000000 -101,000000 0,000000 0,000000
414 1686501688 0,200000 -1,000000 -101,000000 0,000000 0,000000
414 1686501689 0,200000 -1,000000 -101,000000 0,000000 0,000000
414 1686501690 0,200000 -1,000000 -101,000000 0,000000 0,000000
414 1686501691 0,400000 -1,000000 -101,000000 0,000000 0,000000
414 1686501692 0,400000 -1,000000 -101,000000 0,000000 0,000000
414 1686501693 0,400000 -1,000000 -101,000000 0,000000 0,000000
414 1686501694 0,400000 -1,000000 -101,000000 0,000000 0,000000
414 1686501695 0,400000 -1,000000 -101,000000 0,000000 0,000000
414 1686501696 0,200000 -1,000000 -101,000000 0,000000 0,000000
414 1686501697 0,200000 -1,000000 -101,000000 0,000000 0,000000
414 1686501698 0,200000 -1,000000 -101,000000 0,000000 0,000000
414 1686501699 0,200000 -1,000000 -101,000000 0,000000 0,000000
414 1686501700 0,200000 -1,000000 -101,000000 0,000000 0,000000
414 1686501751 0,200000 -1,000000 -101,000000 0,000000 0,000000
414 1686501752 0,200000 -1,000000 -101,000000 0,000000 0,000000
414 1686501753 0,200000 -1,000000 -101,000000 0,000000 0,000000
414 1686501754 0,200000 -1,000000 -101,000000 0,000000 0,000000
414 1686501755 0,200000 -1,000000 -101,000000 0,000000 0,000000
414 1686501801 0,200000 -1,000000 -101,000000 0,000000 0,000000
414 1686501802 0,200000 -1,000000 -101,000000 0,000000 0,000000
414 1686501803 0,200000 -1,000000 -101,000000 0,000000 0,000000
414 1686501804 0,200000 -1,000000 -101,000000 0,000000 0,000000
414 1686501805 0,200000 -1,000000 -101,000000 0,000000 0,000000
